,alpha_001,alpha_002,alpha_003,alpha_004,alpha_005,alpha_006,alpha_007,alpha_008,alpha_009,alpha_010,alpha_011,alpha_012,alpha_013,alpha_014,alpha_015,alpha_016,alpha_017,alpha_018,alpha_019,alpha_020,alpha_021,alpha_022,alpha_024,alpha_025,alpha_026,alpha_027,alpha_028,alpha_029,alpha_031,alpha_032,alpha_033,alpha_034,alpha_035,alpha_036,alpha_037,alpha_038,alpha_039,alpha_040,alpha_041,alpha_042,alpha_043,alpha_044,alpha_045,alpha_046,alpha_047,alpha_048,alpha_049,alpha_050,alpha_051,alpha_052,alpha_053,alpha_054,alpha_055,alpha_056,alpha_057,alpha_058,alpha_059,alpha_060,alpha_061,alpha_062,alpha_063,alpha_064,alpha_065,alpha_066,alpha_067,alpha_068,alpha_069,alpha_070,alpha_071,alpha_072,alpha_073,alpha_074,alpha_075,alpha_076,alpha_077,alpha_078,alpha_079,alpha_080,alpha_081,alpha_082,alpha_083,alpha_084,alpha_085,alpha_086,alpha_087,alpha_088,alpha_089,alpha_090,alpha_091,alpha_092,alpha_093,alpha_094,alpha_095,alpha_096,alpha_097,alpha_098,alpha_099,alpha_100,alpha_101,alpha_102,alpha_103,alpha_104,alpha_105,alpha_106,alpha_107,alpha_108,alpha_109,alpha_110,alpha_111,alpha_112,alpha_113,alpha_114,alpha_115,alpha_116,alpha_118,alpha_119,alpha_120,alpha_121,alpha_122,alpha_123,alpha_124,alpha_125,alpha_126,alpha_127,alpha_128,alpha_129,alpha_130,alpha_131,alpha_132,alpha_133,alpha_134,alpha_135,alpha_137,alpha_138,alpha_139,alpha_140,alpha_141,alpha_142,alpha_144,alpha_145,alpha_146,alpha_147,alpha_148,alpha_150,alpha_151,alpha_152,alpha_153,alpha_154,alpha_155,alpha_156,alpha_157,alpha_158,alpha_159,alpha_160,alpha_161,alpha_162,alpha_163,alpha_164,alpha_165,alpha_166,alpha_167,alpha_168,alpha_169,alpha_170,alpha_171,alpha_172,alpha_173,alpha_174,alpha_175,alpha_176,alpha_177,alpha_178,alpha_179,alpha_180,alpha_181,alpha_182,alpha_183,alpha_184,alpha_185,alpha_186,alpha_187,alpha_188,alpha_189,alpha_190,alpha_191
alpha_001,1.00000,-0.02426,-0.14475,0.20250,0.40105,0.34992,0.06618,0.13129,-0.04259,0.00541,-0.19183,0.01423,0.02927,-0.13596,-0.01238,0.35982,0.00000,-0.34052,-0.36184,-0.38217,-0.14201,-0.24553,-0.14343,0.37648,0.16528,-0.31933,-0.43279,-0.10732,-0.38030,0.06771,0.11046,0.40018,0.30763,-0.22059,0.30749,0.05553,0.28474,-0.22777,0.40280,0.25171,-0.20800,-0.26983,-0.20376,0.37238,0.38054,0.17533,0.40968,-0.40968,-0.40968,-0.25826,-0.24729,0.02087,-0.09221,0.18697,-0.45081,-0.20179,0.01049,-0.12855,0.28784,0.28413,-0.44168,0.30011,0.29468,-0.28887,-0.24729,-0.04120,-0.28770,-0.09819,-0.33537,0.29380,0.16899,-0.23103,0.08650,0.05138,0.00306,-0.43816,-0.38895,-0.07814,-0.01152,0.23679,0.23863,-0.14654,0.15060,0.22928,0.30691,-0.23202,-0.15306,0.27551,0.20228,0.14805,0.04766,-0.12420,-0.04330,-0.39061,-0.04287,0.10722,0.41320,-0.02573,0.09761,-0.09752,0.24349,0.05817,0.09479,-0.08582,0.04955,-0.08951,-0.17969,-0.25884,0.01766,-0.40110,0.18855,0.00882,0.12746,-0.07163,-0.29750,0.01782,0.11301,0.22753,-0.12552,0.10817,-0.01157,0.18624,0.00042,0.17364,-0.34797,0.05706,0.15608,-0.08545,-0.01381,-0.28201,-0.08655,0.01154,-0.06478,0.18619,0.07517,0.13196,0.07198,0.20606,0.03822,-0.12304,-0.02837,-0.02076,0.14401,-0.06458,0.00812,-0.04847,0.00685,0.06980,-0.07301,0.07214,0.26838,-0.09068,-0.09312,0.02443,0.00803,-0.33499,0.05832,0.00688,-0.01255,0.15932,-0.03604,0.11772,-0.03037,0.34814,0.02104,-0.08794,0.00166,0.11402,-0.00703,-0.46951,0.04404,-0.00947,-0.19556,0.31455,0.00565,-0.07458,0.04897,0.11402,0.05441,-0.04408,0.00244,0.03543,-0.01127,-0.04580,0.20228
alpha_002,-0.02426,1.00000,-0.00279,-0.14954,-0.01349,-0.20202,0.02390,-0.04547,0.01505,0.00058,-0.01133,-0.00612,0.13307,-0.00646,0.02340,-0.00854,0.00000,-0.00856,-0.00832,-0.00848,0.01505,0.06430,0.01544,0.03476,0.02407,0.03852,0.04067,0.00224,-0.02194,-0.00097,-0.05442,0.02138,-0.12510,-0.00094,0.00656,-0.04161,-0.07948,-0.00740,-0.07330,-0.02282,-0.00363,0.05950,-0.05841,0.04777,-0.04755,0.00623,-0.08690,0.08690,0.08690,0.04510,-0.00114,0.37859,0.01017,-0.12860,0.05119,-0.01337,0.00013,-0.00596,-0.06551,0.00835,-0.05632,-0.01240,0.06051,-0.06099,-0.01668,0.01218,0.07418,0.01080,-0.01054,-0.03681,-0.00531,0.00685,0.00680,0.00080,0.00136,0.09588,-0.02958,-0.00592,0.00189,-0.03076,0.00009,-0.00387,0.07037,0.09398,-0.00827,-0.00855,0.01567,0.01554,0.08763,-0.11241,-0.00709,-0.00117,0.00362,0.05172,0.00417,-0.00219,-0.00606,0.00192,0.00068,-0.02436,-0.02689,0.01397,-0.02042,-0.00263,-0.35228,-0.04042,0.01040,-0.01065,0.22154,0.00028,-0.05213,0.19924,0.01651,0.00673,-0.01118,0.00281,0.07202,-0.06848,0.00958,-0.00546,-0.12514,-0.02425,0.00175,-0.01434,0.04478,0.00097,-0.00839,0.03165,0.00196,0.03325,0.00653,-0.00657,-0.08251,-0.02695,-0.02252,0.01493,-0.01080,0.37006,-0.01009,0.00780,-0.09696,0.00137,-0.08981,0.00455,0.00208,-0.00208,0.00111,-0.01127,0.01629,0.09722,-0.02213,-0.01968,0.00436,0.00025,0.00144,-0.07854,0.45991,-0.00029,-0.00194,0.01058,0.00135,0.00792,-0.00079,0.12897,0.18529,0.01119,0.00025,0.36653,0.00070,-0.00582,-0.01417,0.39274,-0.02645,0.01965,-0.01692,-0.00568,0.00038,0.36653,0.70854,0.00521,0.01111,-0.03208,-0.01006,-0.00648,0.08763
alpha_003,-0.14475,-0.00279,1.00000,-0.10977,-0.09465,-0.21148,-0.16617,-0.82222,0.70321,0.12540,0.06866,-0.47161,-0.15685,0.87344,0.05864,-0.07555,-0.00000,0.42619,0.41854,0.46409,0.70099,0.29342,0.76533,-0.24292,-0.79936,0.31486,0.28223,0.07332,0.42470,-0.02906,-0.36931,-0.41478,-0.16638,0.06867,-0.22126,-0.51905,-0.22013,0.17986,-0.23801,-0.09075,0.08385,0.16908,0.17933,-0.39125,-0.22642,-0.20902,-0.19946,0.19946,0.19946,0.20265,0.20291,-0.12151,0.48131,-0.11179,0.26467,0.15713,0.05592,0.03525,-0.18032,-0.06471,0.28496,-0.05896,-0.37364,0.38069,0.16849,0.66342,0.12353,0.17144,0.36326,-0.18205,-0.00493,0.06221,-0.10959,0.01049,-0.03655,0.25216,0.24466,0.06156,-0.00345,-0.15528,-0.07302,0.04401,-0.11498,-0.19399,-0.19708,0.26096,0.69259,-0.06882,-0.16267,-0.16370,-0.01358,0.03998,0.10187,0.20482,0.00080,-0.48207,-0.10845,-0.00347,-0.00535,0.08652,-0.07588,-0.02328,-0.03648,0.51281,-0.07524,0.00136,0.15542,0.16410,-0.02124,0.22327,-0.04657,-0.21876,-0.01331,0.36949,0.18020,0.02629,-0.05064,-0.12016,0.08023,-0.02349,0.14137,-0.09260,0.11237,-0.07988,0.17614,-0.03676,-0.02988,0.08567,0.08282,0.11412,0.06045,-0.06866,0.48215,-0.08217,-0.03476,-0.08888,-0.04998,-0.13365,-0.01481,0.07093,0.05420,0.12254,-0.06468,0.20660,0.17253,0.02199,0.07889,-0.04559,0.02909,-0.07287,-0.10266,0.15468,0.06718,0.03243,0.19148,0.23277,-0.11433,-0.00071,-0.00334,-0.00456,0.38599,-0.09465,0.06719,-0.23865,-0.05464,0.08828,0.00368,-0.13379,0.00215,0.08278,-0.57973,-0.03196,0.06652,-0.22005,0.00368,0.01509,-0.01031,-0.13379,-0.09451,0.05816,0.20949,0.00392,0.02354,0.02433,-0.16267
alpha_004,0.20250,-0.14954,-0.10977,1.00000,0.10586,0.31951,0.05326,0.12815,-0.03404,0.00139,-0.15313,0.01359,-0.00024,-0.11319,-0.03224,0.08776,0.00000,-0.29758,-0.31033,-0.26875,-0.05273,-0.30531,-0.07015,0.08933,0.16588,-0.13872,-0.36196,-0.08098,-0.26975,0.07036,0.10058,0.28118,0.13834,-0.09521,0.24103,0.06038,0.27729,-0.16461,0.23949,0.11624,-0.16576,-0.18201,-0.17975,0.27976,0.24988,0.18135,0.21193,-0.21193,-0.21193,-0.16397,-0.18983,0.04279,-0.05455,0.15076,-0.30182,-0.16850,0.00842,-0.09277,0.15616,0.17629,-0.35034,0.13100,0.31939,-0.31209,-0.20774,-0.02634,-0.17636,-0.03394,-0.20534,0.20554,0.02671,-0.12714,0.11483,0.00041,0.03953,-0.35347,-0.29175,0.13303,-0.00673,0.18007,0.15349,-0.10291,0.42608,0.09313,0.21411,-0.14049,-0.07072,0.14934,0.21541,0.18744,0.01734,-0.09825,-0.03851,-0.19789,-0.00653,0.12267,0.19706,-0.01923,0.04124,0.27891,0.16030,0.12046,0.08141,-0.05770,0.12515,-0.04859,0.12492,-0.13667,0.08519,-0.22888,0.08997,0.02589,0.05797,-0.02703,-0.13950,0.00375,0.09304,0.13310,-0.05030,0.06356,-0.01238,0.07334,0.00104,-0.00417,-0.20525,0.02380,0.06425,-0.14141,-0.03287,-0.13590,-0.04873,0.04112,-0.06306,0.09099,0.08878,0.09315,0.00806,-0.04827,0.02128,0.10601,0.00333,-0.00414,0.12774,0.01974,-0.01832,-0.01990,0.00725,0.06778,0.08706,-0.18921,0.11214,0.11661,-0.03661,0.00403,-0.00412,-0.29084,0.05424,0.00230,-0.03265,0.01990,-0.02393,-0.23120,-0.00314,0.40462,-0.00297,-0.02360,-0.00317,0.07558,-0.01986,-0.16743,0.03282,-0.03459,-0.06886,0.16539,0.01839,-0.02423,-0.01705,0.07558,0.06722,-0.03303,-0.01886,0.14231,0.06637,0.07935,0.21541
alpha_005,0.40105,-0.01349,-0.09465,0.10586,1.00000,0.20617,0.06043,0.08261,-0.02680,0.01694,-0.05530,0.00914,0.01066,-0.09159,-0.02381,0.57040,0.00000,-0.21596,-0.22608,-0.24848,-0.11834,-0.11438,-0.12100,0.24684,0.09221,-0.29102,-0.20977,-0.08361,-0.27215,0.05893,0.13431,0.28530,0.30169,-0.31580,0.14503,0.02836,0.14151,-0.20637,0.26717,0.39272,-0.13094,-0.12988,-0.08756,0.26919,0.23832,0.08813,0.31602,-0.31602,-0.31602,-0.23798,-0.20319,-0.02501,-0.08676,0.10625,-0.25984,-0.19037,0.01862,-0.05422,0.19743,0.47663,-0.30299,0.37576,0.16714,-0.16614,-0.18597,-0.03136,-0.30796,-0.12597,-0.28253,0.20701,0.21229,-0.34457,0.07942,0.04558,-0.01824,-0.27978,-0.28796,-0.05654,-0.04958,0.17969,0.35528,-0.13484,0.08645,0.14617,0.19736,-0.22881,-0.11108,0.38219,0.10119,0.04141,0.04256,-0.12128,-0.09708,-0.25974,-0.07665,0.04180,0.35448,-0.06521,0.15763,-0.06426,0.24532,0.08748,0.33244,-0.08864,0.02861,-0.04778,-0.11503,-0.26365,-0.01039,-0.31980,0.09040,-0.00078,0.28405,-0.08196,-0.23852,0.08752,0.10106,0.16717,-0.17772,0.16224,0.00098,0.15044,0.01190,0.14093,-0.28010,0.03829,0.24036,-0.04399,-0.06213,-0.27318,-0.08861,0.07860,-0.02819,0.13088,0.30470,0.06941,0.06343,0.13177,0.07518,-0.10717,0.00091,-0.04970,0.13864,-0.08985,-0.02653,-0.06308,0.01481,0.06407,-0.03202,0.09113,0.21260,-0.10921,-0.11131,0.00883,-0.00553,-0.16242,0.01568,-0.01013,-0.01894,0.00343,-0.03853,0.08540,-0.03192,0.20631,0.00546,-0.11379,0.00178,0.05023,-0.01533,-0.44313,0.04065,0.00117,-0.22280,0.21057,0.01642,-0.11314,0.03164,0.05023,0.00524,-0.09475,-0.02154,0.08120,-0.02599,-0.05492,0.10119
alpha_006,0.34992,-0.20202,-0.21148,0.31951,0.20617,1.00000,0.04932,0.24704,-0.06387,-0.00405,-0.26386,0.02887,0.01442,-0.23558,-0.13020,0.13150,0.00000,-0.58664,-0.61897,-0.52345,-0.15420,-0.46797,-0.17889,0.46322,0.26554,-0.34763,-0.68436,-0.16075,-0.50337,0.11598,0.16227,0.52017,0.36706,-0.14997,0.51276,0.10777,0.51217,-0.26348,0.52077,0.14672,-0.31390,-0.39200,-0.28010,0.48809,0.51437,0.40993,0.44733,-0.44733,-0.44733,-0.30064,-0.35301,0.01718,-0.10840,0.28372,-0.61535,-0.28082,0.00719,-0.15669,0.39760,0.13936,-0.58494,0.16654,0.49714,-0.49111,-0.28307,-0.05697,-0.30190,-0.09909,-0.40617,0.40104,0.03754,-0.13865,0.16547,0.01401,0.06114,-0.60756,-0.46350,-0.18735,-0.01231,0.33582,0.17071,-0.17775,0.23228,0.23804,0.42947,-0.27087,-0.17312,0.13876,0.31796,0.37510,0.03996,-0.15053,-0.03035,-0.45164,-0.02624,0.16985,0.30147,-0.00618,0.03437,-0.16515,0.20959,0.07593,0.05995,-0.11032,0.24612,-0.09993,-0.26291,-0.28019,0.00589,-0.44977,0.10443,-0.00830,0.02367,-0.07335,-0.27575,-0.03365,0.09539,0.29895,-0.10545,0.05528,0.00483,0.17623,-0.00704,0.15603,-0.39122,0.04793,0.06273,-0.12288,-0.01771,-0.26798,-0.12489,0.02228,-0.07613,0.21272,0.05976,0.20147,0.05982,0.19963,0.02723,-0.12652,-0.04137,-0.01288,0.19631,-0.10730,-0.01866,-0.01162,0.00280,0.09665,-0.13193,-0.00208,0.22596,-0.13881,-0.08049,0.02234,-0.01221,-0.53430,0.03411,-0.00494,0.00632,0.02408,-0.05861,0.20579,-0.00611,0.52103,-0.00145,-0.11287,-0.00576,0.06437,-0.01624,-0.19222,0.08050,-0.06698,-0.12481,0.41482,-0.00005,-0.02682,0.03179,0.06437,-0.02289,-0.06090,-0.02359,0.01321,-0.03514,-0.07160,0.31796
alpha_007,0.06618,0.02390,-0.16617,0.05326,0.06043,0.04932,1.00000,0.16075,-0.11747,-0.02592,-0.05350,0.04544,0.05801,-0.18488,-0.03994,0.06990,0.00000,-0.18668,-0.17661,-0.18439,-0.08731,-0.09593,-0.12069,0.19551,0.14119,-0.12420,-0.06982,-0.11585,-0.20171,0.01313,0.02966,0.19145,0.07594,-0.03693,0.06674,0.23172,0.05445,-0.10653,0.10161,0.14137,-0.06504,-0.04902,-0.07019,0.21599,0.07178,0.06717,0.08986,-0.08986,-0.08986,-0.12216,-0.06092,0.09383,-0.09819,0.03420,-0.07558,-0.06750,-0.03631,-0.04339,0.07362,0.11478,-0.11073,0.07637,0.20103,-0.21625,-0.09204,-0.10076,-0.08477,-0.25461,-0.19857,0.06580,0.03222,-0.08259,0.03684,-0.01480,0.00486,-0.11094,-0.11500,-0.05956,-0.05196,0.06017,0.10242,-0.08433,0.09389,0.08494,0.05633,-0.15557,-0.12301,0.10331,0.06573,0.03702,-0.02188,-0.07771,-0.16729,-0.06786,-0.08146,0.09218,0.12158,-0.06124,0.02539,-0.03155,0.05932,0.07686,0.08043,-0.11902,0.03756,0.04524,-0.10095,-0.13045,0.08334,-0.10413,0.04138,0.09663,0.01642,-0.07497,-0.12953,0.00090,0.04692,0.03364,-0.07559,0.04915,-0.08231,0.01667,-0.04500,-0.00351,-0.08761,-0.01119,0.03398,-0.03841,-0.12248,-0.08214,-0.09293,0.08040,-0.21947,0.03592,0.08409,0.03704,0.03678,0.07443,0.05194,-0.07386,-0.10013,-0.03386,0.04737,-0.20465,-0.03715,-0.01596,-0.03868,0.01899,-0.04435,0.04952,0.04283,-0.13423,-0.09231,-0.03270,-0.05981,-0.05589,0.04440,0.00144,0.00795,0.00882,-0.10490,0.07437,-0.00810,0.10650,0.02214,-0.05618,0.00236,0.09391,-0.00240,-0.11100,0.15009,0.04448,-0.11135,0.12376,0.00327,-0.04433,0.01559,0.09391,0.04470,-0.05888,-0.05945,-0.02011,-0.09018,-0.01254,0.06573
alpha_008,0.13129,-0.04547,-0.82222,0.12815,0.08261,0.24704,0.16075,1.00000,-0.74355,-0.09496,-0.05445,0.45800,0.13608,-0.92838,-0.11195,0.07278,0.00000,-0.46378,-0.45570,-0.42363,-0.53590,-0.35584,-0.65188,0.18989,0.87757,-0.27264,-0.26829,-0.07212,-0.42210,0.05077,0.43799,0.41152,0.15996,-0.05868,0.23236,0.64751,0.23873,-0.15688,0.20536,0.10442,-0.06568,-0.17661,-0.18942,0.40146,0.19509,0.20786,0.19330,-0.19330,-0.19330,-0.21150,-0.15309,0.08843,-0.43913,0.11026,-0.23468,-0.12063,-0.04994,-0.02918,0.17471,0.07790,-0.27748,0.07346,0.43498,-0.44098,-0.15760,-0.64874,-0.12252,-0.17819,-0.35319,0.15600,-0.00159,-0.08420,0.08504,-0.01238,0.02194,-0.26149,-0.23246,-0.08193,0.00643,0.13287,0.09614,-0.03572,0.11675,0.17243,0.18542,-0.24841,-0.63852,0.08414,0.18960,0.21263,0.05007,-0.03375,-0.09903,-0.16589,0.00034,0.63924,0.13184,0.00497,0.01741,-0.09098,0.06837,0.05334,0.04856,-0.46781,0.11272,0.00077,-0.15205,-0.17512,0.01420,-0.20644,0.05871,0.10770,-0.00121,-0.29637,-0.17943,-0.02878,0.04636,0.11320,-0.06664,0.03894,-0.07786,0.07950,-0.10709,0.06656,-0.16500,0.05680,0.03626,-0.09539,-0.07821,-0.10744,-0.06079,0.05999,-0.49307,0.07176,0.05056,0.07923,0.04914,0.12176,0.02457,-0.06408,-0.04883,-0.07645,0.06306,-0.20538,-0.12503,-0.03170,-0.06913,0.04400,-0.03062,0.00967,0.08086,-0.14591,-0.06161,-0.01016,-0.14769,-0.23109,0.09171,0.00087,0.00165,0.00390,-0.33207,0.10434,-0.06490,0.22788,0.03137,-0.06954,-0.00542,0.11663,-0.00220,-0.09083,0.57448,-0.00758,-0.06193,0.21288,-0.00344,-0.01363,0.01396,0.11663,0.03659,-0.05237,-0.17348,-0.01189,-0.02082,-0.02471,0.18960
alpha_009,-0.04259,0.01505,0.70321,-0.03404,-0.02680,-0.06387,-0.11747,-0.74355,1.00000,0.14166,0.00486,-0.62297,-0.07206,0.74979,0.03002,-0.02831,-0.00000,0.15376,0.14467,0.15207,0.52693,0.10066,0.61654,-0.08395,-0.69817,0.11815,0.08121,0.00535,0.15642,-0.01374,-0.28990,-0.14529,-0.05745,0.02285,-0.06557,-0.60040,-0.05751,0.06373,-0.06624,-0.03254,0.00348,0.05148,0.06360,-0.14602,-0.06588,-0.05774,-0.06414,0.06414,0.06414,0.08988,0.05441,-0.04069,0.46583,-0.03667,0.07632,0.04699,0.07413,0.00363,-0.05532,-0.02885,0.08442,-0.03126,-0.14185,0.14805,0.05038,0.91583,0.04280,0.08292,0.14969,-0.05336,0.00022,0.03253,-0.04510,0.01720,-0.01033,0.07721,0.07191,0.01151,-0.00957,-0.04503,-0.03628,0.00089,-0.03684,-0.06642,-0.06333,0.11878,0.58970,-0.03512,-0.05102,-0.05607,-0.01013,0.00080,0.05151,0.05919,-0.00756,-0.51662,-0.04711,-0.00811,-0.00740,0.01917,-0.01773,-0.02442,-0.01315,0.48010,-0.03973,-0.00977,0.04980,0.06069,-0.00216,0.07041,-0.02184,-0.17181,-0.00991,0.36062,0.08029,0.00991,-0.01166,-0.03491,0.02789,-0.01338,0.10774,-0.02580,0.12336,-0.01899,0.05167,-0.00958,-0.01032,0.03589,0.03863,0.03391,0.00497,-0.03490,0.51612,-0.01498,-0.01140,-0.02678,-0.01696,-0.04149,0.00608,0.02121,0.02788,0.16384,-0.02520,0.09717,0.16398,0.02294,0.09220,-0.01441,0.00115,-0.01302,-0.03162,0.06274,0.02960,0.04999,0.18754,0.06740,-0.03360,-0.00039,-0.00583,-0.01430,0.37299,-0.02334,0.11574,-0.07079,-0.01091,0.02563,0.00718,-0.03294,0.00100,0.03271,-0.59003,-0.00542,0.02821,-0.06909,-0.00082,0.00228,0.00155,-0.03294,-0.01964,0.02046,0.19426,0.00310,0.01170,0.00817,-0.05102
alpha_010,0.00541,0.00058,0.12540,0.00139,0.01694,-0.00405,-0.02592,-0.09496,0.14166,1.00000,0.00362,-0.13062,0.01836,0.10516,-0.00414,0.02801,-0.00000,0.01777,0.01432,0.01994,0.14584,-0.00791,0.17627,0.07610,-0.07718,0.03249,0.00519,-0.00633,0.02173,0.00308,-0.03741,-0.01823,-0.01338,0.00540,-0.00436,-0.14561,-0.01136,0.01718,-0.01859,0.00969,-0.00691,0.00506,0.00281,-0.02146,-0.00303,-0.00434,-0.00681,0.00681,0.00681,0.02266,0.01718,-0.01119,0.13702,-0.00115,0.00539,0.02220,0.87792,0.00446,-0.00508,0.01848,0.00548,0.00061,-0.00975,0.01215,0.01774,0.22395,0.01836,0.19120,0.03558,-0.00358,-0.00144,0.00465,0.00370,-0.00458,-0.00415,0.00894,0.01043,-0.00753,-0.06348,-0.00384,-0.00511,-0.01327,-0.00267,-0.04461,-0.00600,0.04464,0.01725,-0.00398,0.00578,-0.00856,0.64387,-0.01560,0.20373,0.00466,-0.05044,-0.21538,-0.00612,-0.05301,-0.01510,0.00109,-0.01626,0.00263,0.02594,0.23095,-0.00662,-0.00080,0.00318,0.02203,-0.00192,0.00535,0.00605,0.02093,-0.00166,0.21609,0.02834,-0.00030,-0.01094,0.00258,0.01210,-0.01283,0.00035,0.01180,0.88136,0.02236,0.00201,0.61573,-0.00422,0.00386,0.25891,0.01185,-0.00733,-0.06356,0.01215,0.00344,0.02535,0.01161,-0.00272,-0.00017,-0.09057,0.00392,-0.00325,0.21123,-0.01306,0.23178,0.34257,0.00626,0.88011,-0.02069,-0.00194,-0.00796,-0.00690,0.04024,0.00842,0.63161,0.65141,-0.00185,-0.00209,-0.00245,-0.02567,0.00009,0.57391,0.00381,0.04869,-0.01755,-0.01654,0.00593,0.00060,0.00019,0.00571,-0.00693,-0.40140,-0.00297,-0.00028,0.00096,0.00078,0.04052,0.00446,0.00019,-0.00346,0.00863,0.62456,-0.02181,-0.00379,0.00453,0.00578
alpha_011,-0.19183,-0.01133,0.06866,-0.15313,-0.05530,-0.26386,-0.05350,-0.05445,0.00486,0.00362,1.00000,-0.00441,-0.02520,0.05727,0.02701,-0.03645,0.00000,0.34618,0.34655,0.37763,0.04386,0.26150,0.04850,-0.34914,-0.09061,0.21804,0.39415,0.39853,0.34198,-0.02096,-0.01997,-0.33779,-0.15558,0.06509,-0.27816,-0.03377,-0.25455,0.17230,-0.27140,-0.04710,0.59531,0.21701,0.22712,-0.31204,-0.31748,-0.25046,-0.22278,0.22278,0.22278,0.15128,0.22326,-0.09988,0.02967,-0.12769,0.36309,0.17706,0.00600,0.57466,-0.21939,-0.01670,0.34912,-0.02884,-0.31852,0.32242,0.19258,0.00509,0.12355,0.01936,0.25341,-0.24894,0.01184,0.03818,-0.12186,-0.03880,-0.04627,0.30604,0.29026,0.10990,-0.11117,-0.20866,-0.05501,0.28745,-0.16401,-0.14901,-0.23451,0.16235,0.04446,-0.03509,-0.24257,-0.17543,-0.00317,0.22645,-0.03676,0.27488,-0.10865,-0.06685,-0.12709,-0.14817,0.01016,0.10952,-0.08545,-0.00358,-0.01335,0.03256,-0.10631,0.01499,0.16044,0.08385,-0.34766,0.25642,-0.04758,-0.03137,0.04111,0.02186,0.11748,0.05328,-0.06871,-0.12894,0.05410,0.01029,0.01519,-0.11948,0.00963,-0.10161,0.21483,-0.00712,-0.00870,0.11200,-0.02554,0.12485,0.26776,0.00261,0.03632,-0.10133,-0.00922,-0.11482,-0.08625,-0.17657,0.02146,0.04239,0.08563,0.00619,-0.02281,0.06632,0.00986,-0.00615,0.00743,-0.03559,0.22221,-0.04938,-0.12619,0.08854,0.03413,-0.00038,0.00799,0.30809,-0.13944,-0.02052,-0.04649,-0.12908,0.02163,-0.12165,0.00219,-0.32393,-0.04603,0.04999,0.00095,-0.16126,0.03611,0.11040,-0.02387,-0.03475,0.04633,-0.28427,0.01947,0.02190,-0.03403,-0.16126,-0.19799,0.02502,0.01168,0.00911,0.05706,0.01077,-0.24257
alpha_012,0.01423,-0.00612,-0.47161,0.01359,0.00914,0.02887,0.04544,0.45800,-0.62297,-0.13062,-0.00441,1.00000,-0.13118,-0.51133,-0.03565,0.01375,0.00000,-0.10100,-0.08551,-0.10540,-0.45140,-0.05219,-0.50176,0.00529,0.30793,-0.09773,-0.03385,-0.00829,-0.10578,-0.00276,0.37600,0.08951,0.03800,-0.00664,0.03106,0.42711,0.05026,-0.04505,0.03593,0.02226,-0.00409,-0.02577,-0.03429,0.08903,0.03902,0.02534,0.03314,-0.03314,-0.03314,-0.07943,-0.02929,0.00809,-0.38017,0.01929,-0.03763,-0.02419,-0.07225,-0.00398,0.03088,0.01000,-0.03851,0.01142,0.07405,-0.08278,-0.03893,-0.62348,-0.02399,-0.07961,-0.11468,0.03482,-0.00564,-0.01850,0.02979,-0.01181,0.00215,-0.03183,-0.04269,-0.00564,0.00600,0.03076,0.01097,-0.00224,0.01209,0.03101,0.03056,-0.10100,-0.43364,0.01316,0.02444,0.04130,-0.03169,-0.00225,-0.06632,-0.03457,0.00480,0.31060,0.01473,0.00527,0.00263,-0.01429,0.01067,0.00966,0.01234,-0.39933,0.02350,0.00569,-0.03331,-0.04946,-0.00000,-0.03528,0.00284,0.11296,-0.00389,-0.32703,-0.05745,-0.00953,0.00583,0.01635,-0.02993,0.00792,-0.07512,0.01048,-0.11085,0.00960,-0.02816,-0.04336,0.00550,-0.00891,-0.05222,-0.01953,-0.00921,0.04333,-0.31722,0.00848,0.01197,0.01169,0.01488,0.01498,0.01187,-0.01514,-0.03545,-0.18961,0.01568,-0.10579,-0.18580,-0.02978,-0.08936,0.00584,-0.00169,0.01881,0.01892,-0.05637,-0.02174,-0.07586,-0.17796,-0.02094,0.00433,0.00029,0.00231,0.00021,-0.32438,0.01441,-0.13408,0.03247,0.00710,-0.02597,-0.00259,0.00284,-0.00071,-0.00975,0.48954,-0.00063,-0.01483,0.03919,0.00003,-0.00735,-0.00376,0.00284,0.00288,-0.02407,-0.18931,0.00225,-0.00552,-0.00373,0.02444
alpha_013,0.02927,0.13307,-0.15685,-0.00024,0.01066,0.01442,0.05801,0.13608,-0.07206,0.01836,-0.02520,-0.13118,1.00000,-0.16636,0.00425,0.01599,0.00000,-0.11890,-0.11944,-0.10157,0.02089,-0.04184,-0.00344,0.04051,0.47112,-0.01572,-0.08144,-0.01858,-0.12969,0.02827,0.03467,0.12650,-0.00852,-0.01863,0.06908,0.18033,0.06878,-0.05928,0.03418,0.01255,-0.01841,-0.02603,-0.12487,0.14697,0.04511,0.09246,0.03221,-0.03221,-0.03221,-0.03865,-0.05461,0.19024,-0.03195,0.00253,-0.05399,-0.04812,-0.01325,-0.01396,0.06180,0.03914,-0.10551,0.03509,0.18408,-0.18745,-0.02809,-0.01621,-0.02453,-0.03558,-0.08562,0.04855,-0.01450,-0.02564,0.02976,-0.00935,0.10908,-0.07130,-0.06972,-0.07268,0.02890,0.05318,0.04474,-0.00831,0.06501,0.10938,0.04186,-0.05053,-0.03782,0.04744,0.10545,0.07820,0.00263,-0.00778,-0.00433,-0.02099,0.01894,0.34984,0.04882,0.02086,-0.00927,-0.06797,0.00547,0.02495,-0.00562,-0.04089,0.01056,0.09867,-0.06615,-0.04041,0.04464,-0.06052,0.03346,0.10078,0.00468,0.04515,-0.06636,-0.00357,0.00976,0.03034,-0.00622,-0.01378,-0.05290,0.01059,-0.02243,-0.02001,-0.03844,0.02724,-0.01652,-0.13367,-0.00444,-0.01447,-0.01204,0.01990,-0.42968,0.00132,-0.00622,0.03568,0.00028,0.18244,0.00099,-0.00744,-0.08074,0.06224,-0.02653,-0.04728,0.01155,-0.00945,-0.01235,0.04196,-0.00772,0.00820,0.01276,-0.12067,-0.05771,0.01757,-0.00960,-0.11626,0.18269,0.00199,-0.00808,-0.00012,-0.03120,0.08157,0.00187,0.07391,0.08510,-0.01216,0.00123,0.19221,-0.00266,-0.04895,0.04173,0.12541,-0.03672,0.09793,-0.00190,-0.02665,0.01354,0.19221,0.18427,-0.01257,0.00876,-0.07153,-0.04464,-0.01704,0.10545
alpha_014,-0.13596,-0.00646,0.87344,-0.11319,-0.09159,-0.23558,-0.18488,-0.92838,0.74979,0.10516,0.05727,-0.51133,-0.16636,1.00000,0.08942,-0.08222,-0.00000,0.48952,0.48060,0.44658,0.60647,0.33417,0.71952,-0.25930,-0.91242,0.29220,0.27148,0.07452,0.43675,-0.04052,-0.44719,-0.42480,-0.16009,0.06383,-0.24348,-0.62858,-0.24229,0.16269,-0.21617,-0.10542,0.06852,0.17194,0.19090,-0.41277,-0.20501,-0.19725,-0.19458,0.19458,0.19458,0.21567,0.15936,-0.12617,0.46184,-0.10409,0.24318,0.12634,0.05334,0.03098,-0.17402,-0.06932,0.28590,-0.06878,-0.42989,0.43704,0.16847,0.66712,0.12431,0.18286,0.36965,-0.16498,-0.00439,0.08240,-0.08935,0.01252,-0.02349,0.25631,0.24435,0.08187,-0.00644,-0.14086,-0.08270,0.03743,-0.12135,-0.18692,-0.19104,0.26341,0.67937,-0.07579,-0.18062,-0.19522,-0.04990,0.03518,0.10426,0.17759,-0.00049,-0.59014,-0.12417,-0.00515,-0.01460,0.09189,-0.07254,-0.04461,-0.04723,0.49871,-0.08908,0.00122,0.15633,0.18268,-0.02336,0.21502,-0.05618,-0.24753,-0.00326,0.32650,0.18845,0.02848,-0.05152,-0.11408,0.07494,-0.03601,0.14695,-0.08086,0.11254,-0.07382,0.16890,-0.06411,-0.03640,0.08992,0.08311,0.11226,0.06302,-0.06549,0.58456,-0.07616,-0.04807,-0.08400,-0.05241,-0.14379,-0.02593,0.06863,0.06386,0.09039,-0.06083,0.21352,0.13453,0.03156,0.07314,-0.04437,0.03019,-0.04722,-0.08959,0.15415,0.06513,0.01029,0.15820,0.23427,-0.11431,-0.00091,-0.00217,-0.00403,0.35734,-0.10267,0.06877,-0.24884,-0.05630,0.07819,0.00449,-0.14770,0.00231,0.09035,-0.59870,-0.02502,0.07013,-0.22053,0.00443,0.01501,-0.01132,-0.14770,-0.08744,0.05782,0.17764,0.00920,0.02545,0.02386,-0.18062
alpha_015,-0.01238,0.02340,0.05864,-0.03224,-0.02381,-0.13020,-0.03994,-0.11195,0.03002,-0.00414,0.02701,-0.03565,0.00425,0.08942,1.00000,-0.02258,0.00000,0.22355,0.22040,0.20453,-0.00405,0.14261,0.01457,-0.16126,-0.18667,0.05295,0.10774,0.12640,0.24196,-0.02829,-0.14334,-0.24590,-0.08593,0.04270,-0.11257,-0.12022,-0.08516,0.07900,-0.06760,-0.05982,0.08946,0.06789,0.29483,-0.28605,-0.05818,-0.15034,-0.11658,0.11658,0.11658,0.10860,0.08048,0.01346,0.01640,-0.08680,0.07968,0.05992,-0.01177,0.00549,-0.09254,-0.09110,0.18047,-0.04431,-0.34418,0.33919,0.07376,0.01384,0.06102,0.02886,0.16731,-0.04554,-0.00418,0.07131,0.00100,-0.00171,0.01133,0.22003,0.12865,0.10497,-0.00221,-0.03718,-0.09382,0.04169,-0.12812,-0.11163,-0.03789,0.09298,0.03352,-0.09865,-0.18806,-0.08830,-0.02180,0.03543,-0.00120,0.04182,0.00912,-0.12000,-0.09784,0.00344,-0.01274,0.09491,-0.05787,-0.07327,-0.05700,0.03624,-0.59153,-0.23056,0.02319,0.13664,-0.01913,0.12567,-0.05328,0.00760,-0.01056,-0.00284,-0.00086,0.00837,-0.06575,-0.04697,-0.00214,-0.06237,-0.00737,-0.01284,-0.00606,-0.02970,0.09891,-0.03480,-0.00870,0.23277,-0.01085,0.06412,0.09682,0.02308,0.14521,-0.00810,-0.07747,0.00474,-0.00476,-0.23369,0.00242,0.02921,0.14092,-0.01156,-0.05889,0.06268,-0.00963,0.00447,-0.01151,-0.01646,0.04128,0.07088,-0.00580,0.01090,-0.02034,-0.02491,-0.01439,0.17987,-0.26842,0.00427,0.00607,-0.00297,0.00345,-0.12203,-0.00219,-0.12358,-0.00317,0.01697,0.00248,0.01766,-0.00192,0.05556,-0.02580,0.09044,0.08553,-0.14496,0.03461,-0.01368,-0.00809,0.01766,0.01577,0.00895,-0.00311,0.01073,-0.00064,0.01714,-0.18806
alpha_016,0.35982,-0.00854,-0.07555,0.08776,0.57040,0.13150,0.06990,0.07278,-0.02831,0.02801,-0.03645,0.01375,0.01599,-0.08222,-0.02258,1.00000,0.00000,-0.20115,-0.20649,-0.22293,-0.08722,-0.10424,-0.09839,0.07062,0.10305,-0.23854,-0.11076,-0.09088,-0.23818,-0.01437,0.15724,0.24349,0.26600,-0.24341,0.11351,0.04520,0.10437,-0.19967,0.18393,0.54288,-0.11363,-0.16316,-0.10471,0.24056,0.13596,0.09447,0.25655,-0.25655,-0.25655,-0.22143,-0.14938,0.05400,-0.08255,0.05405,-0.14814,-0.15878,0.02815,-0.02620,0.18789,0.51288,-0.25709,0.44387,0.16924,-0.17094,-0.16657,-0.03260,-0.28214,-0.13497,-0.24816,0.12127,0.22840,-0.41370,0.05107,0.04097,-0.03871,-0.25245,-0.25334,-0.09589,-0.04794,0.10545,0.39955,-0.12578,0.12849,0.12575,0.15287,-0.20640,-0.09357,0.48802,0.13630,0.04690,0.04283,-0.11322,-0.10972,-0.15578,-0.08677,0.04630,0.39901,-0.07423,0.22731,-0.11212,0.21074,0.11138,0.50905,-0.08299,0.03604,-0.00764,-0.11534,-0.25972,0.02633,-0.26173,0.09184,-0.00565,0.21964,-0.07584,-0.22670,0.06969,0.09472,0.09153,-0.15393,0.25064,-0.00059,0.09215,0.02046,0.08575,-0.23748,0.03790,0.34215,-0.05431,-0.05816,-0.25756,-0.09107,0.07197,-0.03975,0.09323,0.49102,0.05311,0.11476,0.13489,0.06189,-0.08356,-0.02588,-0.05352,0.14955,-0.09427,-0.02212,-0.07125,0.02444,0.05050,-0.03471,0.12571,0.13473,-0.12217,-0.11345,0.00416,0.00098,-0.10943,0.03724,-0.00741,-0.00275,0.01339,-0.03211,0.10738,-0.04584,0.16897,0.00777,-0.09821,-0.00028,0.07154,-0.01817,-0.44781,0.03884,-0.01884,-0.26059,0.27928,0.02130,-0.14027,0.04483,0.07154,0.02793,-0.08869,-0.01376,0.05008,-0.03756,-0.03525,0.13630
alpha_017,0.00000,0.00000,-0.00000,0.00000,0.00000,0.00000,0.00000,0.00000,-0.00000,-0.00000,0.00000,0.00000,0.00000,-0.00000,0.00000,0.00000,,-0.00000,-0.00000,-0.00000,-0.00000,0.00000,-0.00000,0.16860,-0.01497,-0.00000,-0.00000,0.00000,-0.00000,-0.00000,0.00967,0.00000,0.00000,-0.00000,0.00000,-0.00000,-0.01578,-0.00000,0.00000,-0.00000,0.00000,-0.00000,0.00000,0.00000,0.00000,-0.00000,-0.00000,0.00000,0.00000,-0.00000,-0.00000,0.00000,-0.00000,-0.00000,0.00000,-0.00000,-0.00000,0.00000,-0.00000,-0.00000,0.00000,-0.00000,-0.00000,0.00000,-0.00000,-0.00000,-0.00000,-0.00000,-0.00000,0.00000,-0.00000,-0.00000,0.00000,-0.00000,-0.00000,0.00000,0.00000,0.00000,0.00000,0.00000,-0.00000,0.00000,0.00000,-0.00000,0.00000,-0.00000,0.00000,-0.00000,-0.00000,0.00202,-0.00000,0.00000,-0.00000,0.00000,0.00000,-0.14059,-0.00000,0.00000,0.00000,0.00000,0.00000,-0.00000,-0.00000,-0.00000,-0.00000,-0.00000,0.00000,0.00000,-0.00000,0.00000,-0.00000,0.00000,-0.00000,-0.00000,-0.00000,-0.00000,0.00000,-0.00810,-0.00000,-0.00000,-0.00000,0.00000,-0.00000,-0.00000,0.00000,-0.00000,0.00000,-0.00000,-0.00000,0.00000,0.00000,0.00000,0.00000,-0.00180,-0.00000,-0.00827,0.00000,-0.00000,0.00000,0.00000,0.00000,-0.00000,0.00000,-0.00000,-0.00000,-0.00000,-0.00000,0.00000,0.00000,0.00000,0.00000,-0.00000,-0.00000,-0.00000,-0.00000,0.00000,0.00000,0.00000,-0.00000,-0.00000,-0.00000,-0.00000,-0.00000,0.00000,-0.00000,0.00000,0.00000,0.01539,-0.00000,0.00000,0.00000,0.00000,0.00000,-0.00000,-0.00000,-0.00000,0.00000,0.01539,0.00000,0.00000,-0.00000,0.00000,0.00000,-0.00000,-0.00000
alpha_018,-0.34052,-0.00856,0.42619,-0.29758,-0.21596,-0.58664,-0.18668,-0.46378,0.15376,0.01777,0.34618,-0.10100,-0.11890,0.48952,0.22355,-0.20115,-0.00000,1.00000,0.99054,0.91405,0.30062,0.69966,0.36013,-0.63440,-0.47395,0.59512,0.68115,0.42370,0.89876,-0.10789,-0.19571,-0.88513,-0.40106,0.14814,-0.60439,-0.28051,-0.55167,0.38946,-0.53269,-0.29386,0.41476,0.43629,0.47804,-0.86429,-0.51664,-0.53984,-0.49595,0.49595,0.49595,0.46135,0.40331,-0.26202,0.23329,-0.25526,0.61447,0.32689,0.01288,0.19480,-0.45610,-0.18916,0.71474,-0.17889,-0.88808,0.89875,0.41012,0.13863,0.32708,0.25287,0.72852,-0.41357,-0.02528,0.22326,-0.18645,-0.02030,-0.04102,0.66580,0.60857,0.29487,0.03642,-0.35196,-0.21437,0.24134,-0.31863,-0.38507,-0.46684,0.50115,0.33803,-0.19615,-0.49027,-0.44836,-0.03726,0.21430,0.13104,0.45293,0.08128,-0.31564,-0.31595,0.04216,-0.04649,0.27058,-0.22605,-0.12024,-0.15443,0.25923,-0.23457,-0.00673,0.38360,0.44374,-0.14342,0.54063,-0.13799,-0.10366,0.02915,0.17240,0.39761,0.07838,-0.15396,-0.29067,0.20610,-0.09051,0.06978,-0.19668,0.04210,-0.19696,0.44537,-0.05579,-0.10477,0.20924,0.07893,0.31337,0.36068,-0.08678,0.27761,-0.20719,-0.16438,-0.21442,-0.15431,-0.37057,-0.04395,0.19320,0.17489,0.05591,-0.14123,0.27916,0.07530,0.04264,0.02351,-0.10126,0.22622,-0.10199,-0.23277,0.30156,0.13679,-0.00647,0.06505,0.59318,-0.28168,-0.00259,-0.01972,-0.01517,0.16685,-0.33128,0.02845,-0.61635,-0.07260,0.17285,0.00362,-0.31382,0.01309,0.22964,-0.24186,-0.05294,0.20154,-0.58001,0.00560,0.03150,-0.05150,-0.31382,-0.21095,0.11765,0.08284,0.00292,0.07676,0.06390,-0.49027
alpha_019,-0.36184,-0.00832,0.41854,-0.31033,-0.22608,-0.61897,-0.17661,-0.45570,0.14467,0.01432,0.34655,-0.08551,-0.11944,0.48060,0.22040,-0.20649,-0.00000,0.99054,1.00000,0.89962,0.29051,0.70744,0.34746,-0.65546,-0.47697,0.57338,0.71457,0.38380,0.88669,-0.11724,-0.20038,-0.88978,-0.40893,0.16048,-0.62957,-0.26484,-0.57328,0.38213,-0.55025,-0.29036,0.41862,0.45428,0.48449,-0.86407,-0.53340,-0.54445,-0.51028,0.51028,0.51028,0.45029,0.41345,-0.26134,0.21750,-0.26475,0.64003,0.32998,0.00574,0.19506,-0.46733,-0.20173,0.74135,-0.18789,-0.89628,0.89718,0.41358,0.12801,0.32995,0.22712,0.71384,-0.42326,-0.02991,0.22787,-0.18671,-0.03063,-0.03916,0.69350,0.62339,0.28720,0.03127,-0.35787,-0.22736,0.23836,-0.33045,-0.38856,-0.48665,0.48367,0.33083,-0.20883,-0.50066,-0.46026,-0.04757,0.21059,0.10699,0.46734,0.07205,-0.31221,-0.33575,0.03584,-0.05038,0.26915,-0.23296,-0.12949,-0.15154,0.24073,-0.23653,0.00285,0.37261,0.43577,-0.14371,0.55610,-0.14401,-0.09993,0.02317,0.15574,0.39175,0.07740,-0.16462,-0.30354,0.18867,-0.09449,0.06687,-0.21013,0.03447,-0.21558,0.45594,-0.06994,-0.11170,0.21842,0.06020,0.31647,0.31780,-0.06781,0.27155,-0.21334,-0.15972,-0.22233,-0.15291,-0.38361,-0.04085,0.18638,0.16137,0.04212,-0.14733,0.25372,0.05978,0.04072,0.01557,-0.10418,0.21936,-0.08256,-0.24020,0.27081,0.11691,-0.01786,0.04904,0.62443,-0.29099,-0.00221,-0.01514,-0.01639,0.14703,-0.32199,0.02178,-0.64139,-0.07346,0.16450,0.00393,-0.31514,0.01345,0.24103,-0.21299,-0.05580,0.20568,-0.58721,0.00675,0.02807,-0.04918,-0.31514,-0.21775,0.10816,0.06535,-0.00213,0.06432,0.06281,-0.50066
alpha_020,-0.38217,-0.00848,0.46409,-0.26875,-0.24848,-0.52345,-0.18439,-0.42363,0.15207,0.01994,0.37763,-0.10540,-0.10157,0.44658,0.20453,-0.22293,-0.00000,0.91405,0.89962,1.00000,0.36782,0.63365,0.40451,-0.69118,-0.46050,0.69554,0.69214,0.45602,0.92704,-0.07604,-0.21912,-0.91124,-0.45247,0.17367,-0.54668,-0.25662,-0.54362,0.41595,-0.59538,-0.31196,0.45387,0.44033,0.47469,-0.86982,-0.57649,-0.50596,-0.54032,0.54032,0.54032,0.49847,0.43557,-0.24769,0.25726,-0.27363,0.66430,0.35355,0.01561,0.21382,-0.49206,-0.20014,0.72582,-0.16666,-0.80650,0.81958,0.44449,0.14537,0.35980,0.27788,0.77611,-0.46852,-0.04993,0.21160,-0.20146,-0.02291,-0.04849,0.67381,0.64235,0.24634,0.04482,-0.40051,-0.20719,0.26462,-0.30596,-0.41205,-0.48992,0.55014,0.37136,-0.20413,-0.44498,-0.41400,-0.03793,0.23213,0.15282,0.52822,0.09240,-0.29273,-0.30020,0.05095,-0.04335,0.26664,-0.26087,-0.07133,-0.16017,0.28365,-0.21518,-0.00757,0.40746,0.47681,-0.11342,0.58520,-0.12672,-0.08847,0.02357,0.21012,0.42857,0.07568,-0.15403,-0.31710,0.26247,-0.06747,0.06253,-0.21875,0.04655,-0.23414,0.47994,-0.05521,-0.11302,0.18191,0.09390,0.35735,0.39718,-0.11263,0.24761,-0.24291,-0.16426,-0.22191,-0.17782,-0.35130,-0.05302,0.22714,0.16386,0.08075,-0.16672,0.29951,0.09143,0.04844,0.02821,-0.10597,0.23671,-0.19305,-0.27112,0.32511,0.15664,-0.00238,0.07572,0.57795,-0.25323,-0.00194,-0.02120,-0.01586,0.18538,-0.32858,0.04115,-0.59748,-0.06521,0.21812,0.00241,-0.31210,0.01365,0.24626,-0.26151,-0.05093,0.22619,-0.60566,0.00509,0.03322,-0.04171,-0.31210,-0.19383,0.14524,0.09580,-0.03103,0.07525,0.06463,-0.44498
alpha_021,-0.14201,0.01505,0.70099,-0.05273,-0.11834,-0.15420,-0.08731,-0.53590,0.52693,0.14584,0.04386,-0.45140,0.02089,0.60647,-0.00405,-0.08722,-0.00000,0.30062,0.29051,0.36782,1.00000,0.14115,0.95432,-0.29946,-0.54458,0.43923,0.22886,0.05944,0.38329,0.00576,-0.54534,-0.37383,-0.21979,0.05042,-0.15800,-0.18456,-0.16406,0.17371,-0.25295,-0.10713,0.05374,0.12945,0.10187,-0.32711,-0.27105,-0.09520,-0.25024,0.25024,0.25024,0.24585,0.18804,-0.04078,0.61157,-0.11975,0.28393,0.14924,0.09219,0.03662,-0.19971,-0.05082,0.23916,-0.04322,-0.18697,0.19519,0.18597,0.66161,0.16447,0.20614,0.39444,-0.23525,-0.03500,0.07061,-0.10638,0.01351,-0.02899,0.21461,0.24471,0.02012,-0.00558,-0.20657,-0.03902,0.04561,-0.02641,-0.20125,-0.18403,0.32857,0.83380,-0.05322,-0.06348,-0.08769,-0.00632,0.04108,0.16210,0.28412,-0.00041,-0.23551,-0.07066,-0.00551,-0.00072,0.04821,-0.12905,0.02609,-0.03275,0.62864,-0.01517,0.04872,0.16109,0.21093,0.01216,0.25947,-0.02429,-0.01347,-0.01626,0.63439,0.21803,0.01618,-0.04449,-0.14190,0.15588,-0.01643,0.03832,-0.11020,0.15196,-0.13834,0.20427,-0.00872,-0.04579,-0.00482,0.13790,0.17495,0.07153,-0.12840,0.10730,-0.12660,-0.02126,-0.07505,-0.07455,-0.05123,-0.03982,0.11432,0.01057,0.35247,-0.10414,0.24492,0.26769,0.04959,0.12184,-0.04597,0.02620,-0.14242,-0.19395,0.16662,0.09173,0.08528,0.26323,0.14299,0.00582,-0.00107,-0.00580,-0.00416,0.50534,-0.06892,0.20240,-0.16747,-0.02328,0.15851,0.00538,-0.07675,0.00287,0.07337,-0.64521,0.00427,0.07797,-0.18654,-0.00565,0.01516,0.01259,-0.07675,-0.00836,0.11057,0.28282,-0.08435,0.00721,0.02358,-0.06348
alpha_022,-0.24553,0.06430,0.29342,-0.30531,-0.11438,-0.46797,-0.09593,-0.35584,0.10066,-0.00791,0.26150,-0.05219,-0.04184,0.33417,0.14261,-0.10424,0.00000,0.69966,0.70744,0.63365,0.14115,1.00000,0.15762,-0.51815,-0.43920,0.24802,0.52604,0.27665,0.61643,-0.12170,-0.15668,-0.62032,-0.23233,0.13723,-0.59991,-0.19376,-0.60619,0.13446,-0.35052,-0.14111,0.30234,0.46598,0.35066,-0.61402,-0.17169,-0.51619,-0.24634,0.24634,0.24634,0.14262,0.20063,-0.09629,0.04915,-0.19488,0.38502,0.10076,-0.03053,0.07606,-0.30941,-0.12905,0.44920,-0.17397,-0.67362,0.66964,0.18760,0.07034,0.07499,0.05274,0.38359,-0.01137,-0.00942,0.12655,-0.03087,-0.01096,0.01278,0.49726,0.31965,0.24065,-0.02653,0.06964,-0.19069,0.07091,-0.30844,-0.30348,-0.36256,0.11532,0.21029,-0.14831,-0.46669,-0.49329,-0.07199,0.04684,-0.05544,0.19732,0.01343,-0.31955,-0.25888,-0.01571,-0.02718,0.22515,-0.00460,-0.13557,-0.08714,0.05479,-0.16967,0.07095,0.23888,0.16197,-0.10599,0.27527,-0.09700,-0.04889,0.03294,-0.03327,0.13125,0.09850,-0.06755,-0.21427,-0.14211,-0.09071,0.03331,-0.16296,-0.02405,-0.09718,0.20668,-0.11792,-0.07438,0.16086,-0.09215,0.05254,0.18585,0.22662,0.16274,-0.06642,-0.10047,-0.17457,-0.10741,-0.25841,0.04515,0.07148,0.13183,-0.14298,-0.03277,0.05976,-0.10767,-0.14068,-0.02479,-0.04489,0.20992,0.05085,-0.11724,0.05895,-0.02657,-0.05840,-0.05675,0.52580,-0.16450,-0.00228,-0.05078,-0.01373,-0.00070,-0.27545,-0.09543,-0.48019,-0.02548,-0.04016,-0.00010,-0.17611,0.00665,0.15178,-0.07227,0.04402,0.11124,-0.44801,0.01343,-0.00864,-0.09338,-0.17611,-0.09379,-0.10663,-0.05037,0.23831,0.05739,0.02706,-0.46669
alpha_024,-0.14343,0.01544,0.76533,-0.07015,-0.12100,-0.17889,-0.12069,-0.65188,0.61654,0.17627,0.04850,-0.50176,-0.00344,0.71952,0.01457,-0.09839,-0.00000,0.36013,0.34746,0.40451,0.95432,0.15762,1.00000,-0.31734,-0.62520,0.47754,0.23342,0.06593,0.42171,0.00015,-0.52651,-0.40888,-0.23675,0.04354,-0.14240,-0.31147,-0.17290,0.21446,-0.25942,-0.13104,0.05827,0.11999,0.13008,-0.38686,-0.29756,-0.12171,-0.28184,0.28184,0.28184,0.29922,0.21009,-0.06687,0.75208,-0.12397,0.29381,0.18439,0.12471,0.04544,-0.21434,-0.06220,0.27430,-0.05172,-0.25121,0.26152,0.21825,0.75333,0.20270,0.25017,0.46239,-0.26830,-0.02895,0.08845,-0.13382,0.01668,-0.03762,0.23471,0.28347,0.02816,-0.00713,-0.24071,-0.05182,0.05633,-0.04313,-0.18836,-0.18652,0.40727,0.85308,-0.06355,-0.08803,-0.11751,0.02702,0.05048,0.21033,0.29698,-0.00184,-0.32675,-0.08578,-0.00726,-0.00846,0.05382,-0.16473,0.01031,-0.04869,0.77661,-0.03451,0.03568,0.17270,0.25677,0.00653,0.29217,-0.03545,-0.06404,-0.01228,0.76682,0.26384,0.01322,-0.05467,-0.14447,0.19841,-0.01814,0.06639,-0.11228,0.19001,-0.15379,0.23888,0.05161,-0.05208,0.01351,0.18880,0.21444,0.08028,-0.18458,0.21982,-0.13670,-0.03913,-0.08280,-0.07140,-0.06735,-0.05261,0.12472,0.01640,0.51141,-0.11564,0.30016,0.38236,0.09778,0.15937,-0.05509,0.02450,-0.13114,-0.16710,0.20040,0.11433,0.13958,0.34619,0.14597,-0.01584,-0.00137,0.00129,-0.00452,0.61572,-0.07633,0.32556,-0.19663,-0.02745,0.18392,0.00545,-0.10419,0.00349,0.08637,-0.75357,-0.00223,0.08403,-0.20409,-0.00454,0.02153,0.02016,-0.10419,-0.02397,0.14989,0.37032,-0.12232,0.00839,0.02861,-0.08803
alpha_025,0.37648,0.03476,-0.24292,0.08933,0.24684,0.46322,0.19551,0.18989,-0.08395,0.07610,-0.34914,0.00529,0.04051,-0.25930,-0.16126,0.07062,0.16860,-0.63440,-0.65546,-0.69118,-0.29946,-0.51815,-0.31734,1.00000,0.26193,-0.57349,-0.82280,-0.44183,-0.69163,0.01641,0.15405,0.71088,0.47478,-0.17589,0.49195,0.01108,0.46963,-0.45492,0.72796,0.01456,-0.40959,-0.32746,-0.37503,0.62774,0.69405,0.44006,0.57495,-0.57495,-0.57495,-0.50455,-0.43571,0.11670,-0.20647,0.44967,-0.78892,-0.36106,0.06388,-0.19884,0.49729,0.22886,-0.69409,0.11756,0.52745,-0.51315,-0.56026,-0.08660,-0.37208,-0.15237,-0.57855,0.62711,-0.23967,-0.18306,0.22098,-0.05521,-0.25306,-0.72282,-0.62497,-0.27782,-0.01759,0.59501,0.13572,-0.21039,0.25366,0.45617,0.54484,-0.39986,-0.27158,0.21079,0.37304,0.15106,0.09838,-0.22491,0.02837,-0.68766,-0.03079,0.18565,0.24594,-0.02725,-0.06877,-0.20817,0.37297,0.06281,-0.26025,-0.23540,0.16337,0.18477,-0.52481,-0.42460,0.18064,-0.60513,0.32845,0.08268,-0.30376,-0.22017,-0.30238,-0.25373,0.08180,0.35876,-0.32414,-0.00677,-0.07234,0.15443,0.04299,0.37505,-0.47159,0.09480,-0.13453,-0.04159,0.04973,-0.45145,-0.37292,0.24609,-0.08501,0.41655,-0.24048,0.29385,0.60176,0.42561,-0.03550,-0.15309,-0.03521,-0.10018,0.26580,-0.05210,-0.14736,-0.12583,0.05186,0.04598,-0.26568,0.37217,0.65203,-0.39478,-0.29539,0.07127,0.02635,-0.70903,0.13129,0.07203,-0.11448,0.26022,-0.05386,0.23589,-0.06135,0.48696,0.09108,-0.31806,0.00278,0.18574,-0.02081,-0.34654,0.15772,-0.05295,-0.29591,0.61692,-0.41462,0.04976,0.11968,0.18574,0.21700,-0.26064,-0.01560,0.02501,-0.13705,-0.15363,0.37304
