date,open,high,low,close,preclose,volume,amount,adjustflag,turn,tradestatus,pctChg,isST
2015-12-30,2444.9770,2467.0480,2439.3110,2465.6390,2438.6090,7887977216,178210131968.0000,3,0.025753,1,1.108400,0
2015-12-31,2466.9160,2472.4920,2417.2310,2417.3720,2465.6390,7608068608,172820033536.0000,3,0.024811,1,-1.957600,0
2016-01-04,2412.1320,2412.1320,2212.6860,2212.8240,2417.3720,6741952000,143594463232.0000,3,0.022074,1,-8.461600,0
2016-01-05,2097.2820,2209.9960,2083.0360,2159.2220,2212.8240,9727406080,195530113024.0000,3,0.031849,1,-2.422300,0
2016-01-06,2173.1300,2206.9250,2142.6860,2206.9110,2159.2220,7885155584,162965925888.0000,3,0.025815,1,2.208600,0
2016-01-07,2161.8850,2161.8850,2016.0220,2018.3890,2206.9110,2135141968,40767730688.0000,3,0.006991,1,-8.542300,0
2016-01-08,2060.1580,2081.9440,1928.2610,2028.6230,2018.3890,8810258944,168178491392.0000,3,0.028845,1,0.507000,0
2016-01-11,1979.6700,2009.8660,1892.4920,1892.8130,2028.6230,8144595712,148019982336.0000,3,0.026657,1,-6.694700,0
2016-01-12,1894.8720,1936.7180,1862.2020,1910.6390,1892.8130,7194763264,135105355776.0000,3,0.023548,1,0.941800,0
2016-01-13,1920.6520,1935.8010,1841.6520,1841.6520,1910.6390,6790626048,125489397760.0000,3,0.022224,1,-3.610700,0
2016-01-14,1781.5890,1924.8050,1779.5570,1921.7950,1841.6520,7568690432,137116450816.0000,3,0.024755,1,4.351700,0
2016-01-15,1907.7730,1927.7460,1848.5430,1861.2650,1921.7950,7325015040,135252541440.0000,3,0.023958,1,-3.149700,0
2016-01-18,1824.1020,1925.9060,1824.1030,1902.2500,1861.2650,6663887104,125777395712.0000,3,0.021793,1,2.202000,0
2016-01-19,1897.7240,1971.2080,1889.5280,1968.4850,1902.2500,7971171584,150379966464.0000,3,0.026062,1,3.481900,0
2016-01-20,1953.8420,1980.5240,1930.7660,1942.7960,1968.4850,7605768960,144541159424.0000,3,0.024859,1,-1.305000,0
2016-01-21,1911.0430,1966.3250,1863.7620,1863.7620,1942.7960,7425121024,139104337920.0000,3,0.024267,1,-4.068100,0
2016-01-22,1885.1520,1898.6230,1828.5040,1887.3950,1863.7620,6270883328,115564896256.0000,3,0.020473,1,1.268000,0
2016-01-25,1904.0000,1923.7300,1882.8750,1902.1830,1887.3950,5420109056,101945253888.0000,3,0.017697,1,0.783500,0
2016-01-26,1878.5660,1881.3470,1756.9220,1761.0670,1902.1830,6984991488,121072984064.0000,3,0.022804,1,-7.418600,0
2016-01-27,1768.8350,1773.3550,1657.3700,1746.6380,1761.0670,7456177920,122628861952.0000,3,0.024343,1,-0.819300,0
2016-01-28,1722.5450,1742.4660,1663.8170,1670.2670,1746.6380,5529954048,91224223744.0000,3,0.018054,1,-4.372500,0
2016-01-29,1668.5720,1753.8650,1664.1820,1739.1280,1670.2670,6003724288,100302225408.0000,3,0.019599,1,4.122800,0
2016-02-01,1732.5300,1748.9960,1695.7260,1722.4180,1739.1280,4955625984,85497049088.0000,3,0.016171,1,-0.960800,0
2016-02-02,1724.6760,1792.9470,1724.6770,1785.3330,1722.4180,5907965696,100754653184.0000,3,0.019281,1,3.652700,0
2016-02-03,1763.9860,1803.9090,1752.6480,1795.0250,1785.3330,5379331840,93746991104.0000,3,0.017555,1,0.542900,0
2016-02-04,1800.6240,1839.7080,1800.6250,1829.9290,1795.0260,6085676288,108983705600.0000,3,0.019856,1,1.944400,0
2016-02-05,1832.3470,1839.3600,1807.0510,1807.0750,1829.9300,4686572288,85215813632.0000,3,0.015290,1,-1.249000,0
2016-02-15,1747.4940,1823.7770,1747.4950,1813.2420,1807.0750,4524989440,81716047872.0000,3,0.014758,1,0.341300,0
2016-02-16,1823.6930,1894.1640,1823.6930,1888.5430,1813.2430,6817662208,125069205504.0000,3,0.022234,1,4.152800,0
2016-02-17,1886.9870,1912.6250,1871.0880,1909.3480,1888.5430,7484814080,135276904448.0000,3,0.024414,1,1.101600,0
2016-02-18,1924.3570,1931.3390,1894.3090,1897.5480,1909.3490,7297641216,133294338048.0000,3,0.023804,1,-0.618100,0
2016-02-19,1893.4100,1925.0610,1890.0640,1911.7880,1897.5480,6549011968,122988523520.0000,3,0.021362,1,0.750400,0
2016-02-22,1936.7740,1949.5170,1922.9490,1949.5160,1911.7880,7845926144,147252400128.0000,3,0.025592,1,1.973400,0
2016-02-23,1951.0380,1955.6970,1908.5440,1935.7880,1949.5170,7533213184,142651990016.0000,3,0.024572,1,-0.704200,0
2016-02-24,1928.1220,1944.4670,1888.1500,1930.3670,1935.7890,7438718464,135715389440.0000,3,0.024243,1,-0.280100,0
2016-02-25,1926.3370,1926.3370,1775.0540,1781.9150,1930.3680,8914294016,154359676928.0000,3,0.029051,1,-7.690400,0
2016-02-26,1793.5930,1804.2230,1738.7140,1774.2570,1781.9150,6740162560,112667254784.0000,3,0.021965,1,-0.429800,0
2016-02-29,1763.7910,1763.7920,1653.6600,1669.0110,1774.2580,6959602944,107360178176.0000,3,0.022676,1,-5.931900,0
2016-03-01,1669.4240,1724.4550,1640.1370,1711.7090,1669.0110,6981651456,109557923840.0000,3,0.022716,1,2.558300,0
2016-03-02,1708.5690,1793.2840,1708.5690,1789.5860,1711.7100,8380552192,132714463232.0000,3,0.027268,1,4.549600,0
2016-03-03,1789.0970,1827.1230,1784.0560,1790.0020,1789.5860,9052050688,144524361728.0000,3,0.029453,1,0.023200,0
2016-03-04,1780.2230,1791.6130,1708.5460,1724.3600,1790.0030,8251689728,129591037952.0000,3,0.026849,1,-3.667200,0
2016-03-07,1743.5540,1785.2810,1743.5540,1760.1600,1724.3610,6194427904,98740600832.0000,3,0.020152,1,2.076100,0
2016-03-08,1755.0670,1777.0920,1686.6160,1777.0920,1760.1610,7629368320,120588054528.0000,3,0.024821,1,0.961900,0
2016-03-09,1737.8570,1775.2170,1726.9280,1742.5090,1777.0920,6086517504,97591771136.0000,3,0.019799,1,-1.946000,0
2016-03-10,1743.8510,1760.1430,1715.4730,1716.8390,1742.5100,5074829056,83113877504.0000,3,0.016507,1,-1.473200,0
2016-03-11,1695.6560,1725.6520,1689.3010,1713.0030,1716.8390,4263360640,67660445952.0000,3,0.013854,1,-0.223400,0
2016-03-14,1735.6840,1801.1750,1735.6850,1781.9780,1713.0040,7495905024,125765185536.0000,3,0.024357,1,4.026500,0
2016-03-15,1777.0200,1789.3860,1759.9540,1764.1730,1781.9790,6228783360,106529320960.0000,3,0.020223,1,-0.999200,0
2016-03-16,1780.7420,1787.7560,1730.8970,1743.8450,1764.1740,5495314688,93576507392.0000,3,0.017839,1,-1.152300,0
2016-03-17,1752.3310,1823.9480,1752.3320,1819.6710,1743.8450,8808266240,156106141696.0000,3,0.028593,1,4.348200,0
2016-03-18,1830.9920,1903.0290,1829.8590,1892.8900,1819.6710,11833292544,210823086080.0000,3,0.038402,1,4.023700,0
2016-03-21,1921.3480,1941.5890,1913.6770,1941.5890,1892.8910,11947121920,219331059712.0000,3,0.038770,1,2.572700,0
2016-03-22,1924.8380,1957.3880,1915.1390,1939.2250,1941.5890,10432613120,188147589120.0000,3,0.033855,1,-0.121800,0
2016-03-23,1934.0980,1964.3390,1926.8530,1964.3390,1939.2260,9433407488,178476642304.0000,3,0.030591,1,1.295000,0
2016-03-24,1944.2200,1974.9240,1927.6290,1932.4440,1964.3390,10221119488,200822538240.0000,3,0.033139,1,-1.623700,0
2016-03-25,1925.8800,1948.1440,1914.8570,1941.2660,1932.4440,7814246144,149779697664.0000,3,0.025284,1,0.456500,0
2016-03-28,1954.6140,1975.4040,1923.2300,1929.2490,1941.2660,8922806784,165791207424.0000,3,0.028793,1,-0.619000,0
2016-03-29,1924.0620,1929.0140,1874.4310,1891.0670,1929.2490,7597407488,139278422016.0000,3,0.024489,1,-1.979100,0
2016-03-30,1909.7850,1969.3680,1909.7860,1969.3680,1891.0680,8769308416,171751817216.0000,3,0.028251,1,4.140500,0
2016-03-31,1978.6900,1990.2150,1961.5910,1967.1820,1969.3680,9219661312,185453297664.0000,3,0.029662,1,-0.111000,0
2016-04-01,1956.5030,1962.6740,1917.5250,1947.9730,1967.1820,7674023936,144758214656.0000,3,0.024615,1,-0.976500,0
2016-04-05,1951.8440,2010.3750,1948.1150,2006.2190,1947.9740,9466077952,179971915776.0000,3,0.030335,1,2.990000,0
2016-04-06,1999.2840,2021.4760,1995.7520,2020.3120,2006.2200,9663564032,185315864576.0000,3,0.030960,1,0.702400,0
2016-04-07,2027.5100,2031.9340,1984.3580,1984.3570,2020.3120,9808610560,187833200640.0000,3,0.031422,1,-1.779700,0
2016-04-08,1967.0270,1977.0180,1940.8690,1968.7280,1984.3580,8274005248,155312353280.0000,3,0.026491,1,-0.787700,0
2016-04-11,1989.0140,2022.1530,1989.0140,2010.6340,1968.7280,9049185536,172376182784.0000,3,0.028917,1,2.128600,0
2016-04-12,2009.4150,2014.5720,1969.9880,1993.8210,2010.6340,8083636224,156331446272.0000,3,0.025768,1,-0.836200,0
2016-04-13,2005.1160,2047.0470,2005.1160,2020.4960,1993.8220,10927834880,203102973952.0000,3,0.034828,1,1.337800,0
2016-04-14,2032.8010,2042.8000,2015.2350,2042.7990,2020.4970,8492128512,158203338752.0000,3,0.027018,1,1.103800,0
2016-04-15,2043.5530,2045.4670,2023.8250,2035.5750,2042.8000,7402861824,138731106304.0000,3,0.023551,1,-0.353700,0
2016-04-18,2020.2170,2020.2170,1990.8050,2005.5470,2035.5760,7386625792,141276651520.0000,3,0.023372,1,-1.475200,0
2016-04-19,2014.2440,2020.6260,1996.9730,2012.4630,2005.5470,6686249728,129297346560.0000,3,0.021128,1,0.344800,0
2016-04-20,2018.1920,2021.4920,1885.2460,1916.9710,2012.4640,10986665216,198089076736.0000,3,0.034728,1,-4.745100,0
2016-04-21,1907.0260,1929.5040,1887.2210,1889.3350,1916.9710,7626875392,134136270848.0000,3,0.024105,1,-1.441600,0
2016-04-22,1876.4510,1913.3460,1872.8340,1913.3460,1889.3350,6417733632,114021146624.0000,3,0.020269,1,1.270900,0
2016-04-25,1907.3920,1909.6430,1874.6550,1903.5610,1913.3460,5584400128,100477431808.0000,3,0.017618,1,-0.511400,0
2016-04-26,1901.1670,1926.2930,1897.4620,1926.2930,1903.5610,5474855680,96708702208.0000,3,0.017264,1,1.194200,0
2016-04-27,1929.9870,1943.2900,1916.9950,1920.1280,1926.2930,6218812928,109579763712.0000,3,0.019524,1,-0.320000,0
2016-04-28,1921.2040,1925.4900,1881.6280,1919.4910,1920.1280,6466703104,113498619904.0000,3,0.020298,1,-0.033200,0
2016-04-29,1909.3150,1927.8960,1907.1090,1915.5120,1919.4910,5196783104,93110108160.0000,3,0.016294,1,-0.207300,0
2016-05-03,1916.2910,1980.8150,1907.7080,1980.8150,1915.5120,7753267712,142530224128.0000,3,0.024221,1,3.409200,0
2016-05-04,1973.4310,1996.8830,1971.1210,1979.8540,1980.8150,7849500672,145307570176.0000,3,0.024450,1,-0.048500,0
2016-05-05,1976.5540,1994.4450,1969.9100,1992.7640,1979.8540,6517119488,121048948736.0000,3,0.020226,1,0.652100,0
2016-05-06,1994.9230,2001.4740,1913.8540,1913.8540,1992.7640,9523700480,173068492800.0000,3,0.029363,1,-3.959800,0
2016-05-09,1895.6920,1895.6920,1840.5700,1849.1810,1913.8540,7445708800,127607693312.0000,3,0.022942,1,-3.379200,0
2016-05-10,1845.1220,1859.2470,1837.2420,1846.8910,1849.1810,5198707968,88832147456.0000,3,0.015976,1,-0.123800,0
2016-05-11,1858.8380,1863.7500,1828.5960,1833.5170,1846.8910,5833321984,99934867456.0000,3,0.017857,1,-0.724100,0
2016-05-12,1808.0100,1841.7130,1783.5790,1841.7130,1833.5170,5842360832,100922306560.0000,3,0.017789,1,0.447000,0
2016-05-13,1836.2080,1860.2440,1826.4610,1836.9940,1841.7130,5292317696,95897444352.0000,3,0.016083,1,-0.256200,0
2016-05-16,1830.7010,1873.0000,1824.9370,1873.0000,1836.9940,5978226176,103117365248.0000,3,0.018060,1,1.960000,0
2016-05-17,1874.2660,1896.8000,1858.3530,1875.4400,1873.0000,7393522176,131028594688.0000,3,0.022296,1,0.130300,0
2016-05-18,1858.2250,1858.3090,1802.9670,1825.2060,1875.4400,6958662656,116670763008.0000,3,0.020845,1,-2.678500,0
2016-05-19,1824.3740,1862.8480,1824.3740,1837.7590,1825.2060,6398802176,113297121280.0000,3,0.019098,1,0.687800,0
2016-05-20,1820.8690,1857.8680,1814.6420,1857.8680,1837.7590,6194275840,107718361088.0000,3,0.018431,1,1.094200,0
2016-05-23,1864.1830,1887.6700,1864.1830,1885.6600,1857.8680,6972646656,122820489216.0000,3,0.020553,1,1.495900,0
2016-05-24,1882.4240,1882.4240,1851.6410,1865.1130,1885.6600,6349188608,108119715840.0000,3,0.018643,1,-1.089600,0
2016-05-25,1878.3960,1889.4540,1849.8040,1857.1120,1865.1130,6299690496,109719318528.0000,3,0.018480,1,-0.429000,0
2016-05-26,1851.5990,1868.4700,1815.5080,1868.4700,1857.1120,6913761280,115732570112.0000,3,0.020246,1,0.611600,0
2016-05-27,1861.4500,1875.0290,1853.4030,1859.3010,1868.4700,6218468096,106591952896.0000,3,0.018110,1,-0.490700,0
2016-05-30,1846.2810,1867.1350,1829.4360,1847.2580,1859.3010,5368720640,88839335936.0000,3,0.015614,1,-0.647700,0
2016-05-31,1851.1470,1930.7410,1851.1470,1930.7410,1847.2580,10186961664,171901624320.0000,3,0.029480,1,4.519300,0
2016-06-01,1935.8510,1962.0720,1935.3910,1945.2500,1930.7410,10996797184,192899063808.0000,3,0.031669,1,0.751500,0
2016-06-02,1941.1070,1961.8120,1939.2240,1961.8120,1945.2500,9445313024,161638477824.0000,3,0.027072,1,0.851400,0
2016-06-03,1960.3820,1991.4100,1958.6540,1974.2590,1961.8120,10861290240,201065693184.0000,3,0.030897,1,0.634500,0
2016-06-06,1983.2510,1987.9130,1966.3810,1981.8730,1974.2590,8896422912,161694441472.0000,3,0.025295,1,0.385700,0
2016-06-07,1980.9900,1982.2210,1965.5610,1979.0340,1981.8730,8156363520,144495296512.0000,3,0.023091,1,-0.143200,0
2016-06-08,1974.7460,1990.9400,1956.6760,1978.1860,1979.0340,8393222144,156339691520.0000,3,0.023687,1,-0.042900,0
2016-06-13,1950.0140,1967.1790,1877.1500,1877.1500,1978.1860,9687618304,172368523264.0000,3,0.027256,1,-5.107500,0
2016-06-14,1868.5200,1891.6770,1860.4700,1882.4210,1877.1500,6906618624,116522147840.0000,3,0.019413,1,0.280800,0
2016-06-15,1860.7750,1957.6190,1858.5630,1948.7930,1882.4210,9720140800,167157297152.0000,3,0.027315,1,3.525900,0
2016-06-16,1945.6080,1961.2960,1936.4260,1942.6850,1948.7930,9935981312,174844354560.0000,3,0.027906,1,-0.313400,0
2016-06-17,1946.5550,1974.1020,1938.6720,1954.3780,1942.6850,8953870080,156535136256.0000,3,0.025072,1,0.601900,0
2016-06-20,1954.3720,1969.3900,1936.8030,1964.7900,1954.3780,7956476928,136589217792.0000,3,0.022177,1,0.532800,0
2016-06-21,1979.2160,1991.7860,1932.5650,1941.9000,1964.7900,9423070464,163492986880.0000,3,0.026180,1,-1.165000,0
2016-06-22,1935.5770,1978.1580,1934.8010,1978.1580,1941.9000,7849080576,134391652352.0000,3,0.021780,1,1.867100,0
2016-06-23,1976.5790,1982.2780,1953.7790,1970.0300,1978.1580,8944627712,150086467584.0000,3,0.024772,1,-0.410900,0
2016-06-24,1964.8860,1982.8880,1893.1760,1953.2450,1970.0300,11246734080,183419072512.0000,3,0.030924,1,-0.852000,0
2016-06-27,1939.8550,2002.9630,1939.8070,2002.9630,1953.2450,9637445632,164979445760.0000,3,0.026442,1,2.545400,0
2016-06-28,1994.6580,2025.5940,1989.6400,2022.4770,2002.9630,11046370304,191729340416.0000,3,0.030306,1,0.974300,0
2016-06-29,2029.8420,2036.4400,2014.7390,2022.2640,2022.4770,9734719232,167597621248.0000,3,0.026707,1,-0.010500,0
2016-06-30,2024.3820,2031.6540,2014.4660,2026.2930,2022.2640,8796832512,154028113920.0000,3,0.024036,1,0.199200,0
2016-07-01,2029.2160,2037.1780,2010.9010,2016.5420,2026.2930,7836365312,145134014464.0000,3,0.022071,1,-0.481200,0
2016-07-04,2002.5900,2053.3590,2001.2680,2049.2740,2016.5420,9332941312,170254106624.0000,3,0.026245,1,1.623200,0
2016-07-05,2051.2590,2056.4990,2036.3430,2051.3090,2049.2740,9490017280,173835190272.0000,3,0.026688,1,0.099300,0
2016-07-06,2044.8530,2056.3390,2039.4070,2053.3140,2051.3090,8444321792,151136698368.0000,3,0.023746,1,0.097700,0
2016-07-07,2052.4610,2062.1830,2030.1940,2053.8000,2053.3140,10469963776,188745555968.0000,3,0.029440,1,0.023700,0
2016-07-08,2051.6960,2066.1160,2042.4460,2052.5900,2053.8000,8389281792,156595183616.0000,3,0.023579,1,-0.058900,0
2016-07-11,2055.2420,2065.4150,2035.3310,2036.7920,2052.5900,9101828864,166048444416.0000,3,0.025576,1,-0.769700,0
2016-07-12,2034.1800,2058.2180,2005.0120,2058.2180,2036.7920,9782244352,174512046080.0000,3,0.027470,1,1.051900,0
2016-07-13,2066.1530,2090.8420,2060.7970,2082.2470,2058.2180,10555902976,192392900608.0000,3,0.029642,1,1.167500,0
2016-07-14,2080.3790,2088.9560,2073.1530,2086.9290,2082.2470,8998611712,165614718976.0000,3,0.025269,1,0.224800,0
2016-07-15,2086.2200,2089.4900,2067.4300,2074.5420,2086.9290,8309694720,153806090240.0000,3,0.023314,1,-0.593500,0
2016-07-18,2069.7450,2078.0710,2052.4810,2064.3890,2074.5420,7909602816,141924282368.0000,3,0.022122,1,-0.489400,0
2016-07-19,2063.4740,2075.7480,2049.7350,2075.7480,2064.3890,7321444352,136174776320.0000,3,0.020431,1,0.550200,0
2016-07-20,2076.5910,2085.8640,2070.6960,2073.1530,2075.7480,7323640320,134362693632.0000,3,0.020437,1,-0.125000,0
2016-07-21,2072.3910,2090.5510,2065.7320,2074.0380,2073.1530,7871236864,140985917440.0000,3,0.021965,1,0.042700,0
2016-07-22,2073.0290,2077.2670,2055.8070,2056.6670,2074.0380,7604046336,135957254144.0000,3,0.021200,1,-0.837500,0
2016-07-25,2051.8150,2068.5490,2045.7670,2056.0720,2056.6670,7199193344,129340829696.0000,3,0.020069,1,-0.028900,0
2016-07-26,2055.8080,2081.1530,2055.7570,2081.1530,2056.0720,6656447232,117708345344.0000,3,0.018551,1,1.219900,0
2016-07-27,2082.2570,2084.0220,1958.9950,1977.9820,2081.1530,11423279616,198863216640.0000,3,0.031835,1,-4.957400,0
2016-07-28,1974.5690,1987.3750,1938.6970,1968.5400,1977.9820,7661736960,131687292928.0000,3,0.021315,1,-0.477400,0
2016-07-29,1968.9620,1973.9820,1945.1740,1955.1310,1968.5400,5432942336,93445701632.0000,3,0.015080,1,-0.681200,0
2016-08-01,1947.3350,1947.3350,1906.1370,1929.5610,1955.1310,5494168576,93804269568.0000,3,0.015249,1,-1.307800,0
2016-08-02,1927.6690,1942.0670,1925.2200,1942.0670,1929.5610,3943170896,66792854272.0000,3,0.010940,1,0.648100,0
2016-08-03,1939.4770,1948.4810,1934.5550,1943.4110,1942.0670,4244165840,72015314944.0000,3,0.011767,1,0.069200,0
2016-08-04,1942.8660,1963.5980,1937.6080,1961.2630,1943.4110,4993977088,85933969408.0000,3,0.013844,1,0.918600,0
2016-08-05,1960.0950,1964.0630,1948.3920,1948.7790,1961.2630,4942016512,82130456576.0000,3,0.013691,1,-0.636500,0
2016-08-08,1943.4930,1970.7840,1929.7090,1970.7840,1948.7790,4992562176,81984958464.0000,3,0.013831,1,1.129200,0
2016-08-09,1970.2840,1991.1750,1969.4480,1991.1750,1970.7840,5773001984,97186000896.0000,3,0.015988,1,1.034700,0
2016-08-10,1991.4630,1997.8020,1981.2030,1981.2030,1991.1750,5455171840,92342292480.0000,3,0.015108,1,-0.500800,0
2016-08-11,1977.2410,1981.3610,1950.8170,1950.8170,1981.2030,5268972032,87208849408.0000,3,0.014575,1,-1.533700,0
2016-08-12,1947.3530,1970.6200,1946.3650,1970.6200,1950.8170,4779358976,77394169856.0000,3,0.013242,1,1.015100,0
2016-08-15,1974.8480,2026.5880,1964.7600,2020.2350,1970.6200,8755578624,152470564864.0000,3,0.024258,1,2.517700,0
2016-08-16,2022.9570,2037.0890,2021.7400,2030.3610,2020.2350,8175746816,144607059968.0000,3,0.022613,1,0.501200,0
2016-08-17,2030.8180,2042.0340,2024.9020,2034.8900,2030.3610,6802495232,122271662080.0000,3,0.018848,1,0.223100,0
2016-08-18,2032.9600,2037.8130,2024.0710,2030.6640,2034.8900,7162046720,121830457344.0000,3,0.019844,1,-0.207700,0
2016-08-19,2029.7740,2039.3580,2023.7400,2032.9560,2030.6640,6146579712,103357935616.0000,3,0.016995,1,0.112900,0
2016-08-22,2033.0560,2038.1230,2007.2090,2007.3260,2032.9560,6130302720,105033232384.0000,3,0.016951,1,-1.260700,0
2016-08-23,2006.4420,2019.2090,1998.4500,2010.9410,2007.3260,5140620544,88298504192.0000,3,0.014212,1,0.180100,0
2016-08-24,2013.3260,2030.7420,2012.4360,2020.4610,2010.9410,5462166784,96022462464.0000,3,0.015101,1,0.473400,0
2016-08-25,2010.2590,2011.3720,1986.0110,2008.1410,2020.4610,6231405312,107432452096.0000,3,0.017215,1,-0.609800,0
2016-08-26,2013.0990,2031.5030,2011.7900,2015.1940,2008.1410,5950845696,104739078144.0000,3,0.016420,1,0.351200,0
2016-08-29,2014.3310,2027.5300,2011.8770,2020.2660,2015.1940,5515337472,94130073600.0000,3,0.015189,1,0.251700,0
2016-08-30,2022.0860,2033.7650,2019.5030,2022.5800,2020.2660,5227528448,88773488640.0000,3,0.014397,1,0.114500,0
2016-08-31,2022.4880,2024.9420,2006.9970,2020.3550,2022.5800,5132621056,85388460032.0000,3,0.014121,1,-0.110000,0
2016-09-01,2020.7570,2024.4350,2007.5120,2007.5120,2020.3550,5224542208,86255796224.0000,3,0.014373,1,-0.635700,0
2016-09-02,2003.1580,2011.3050,1984.7040,1994.5740,2007.5120,5066660352,87335190528.0000,3,0.013935,1,-0.644500,0
2016-09-05,1999.8090,2014.2150,1998.2480,2001.6700,1994.5740,4779660544,79661375488.0000,3,0.013146,1,0.355800,0
2016-09-06,2002.6180,2038.5290,1986.9670,2038.5290,2001.6700,6996103424,120441372672.0000,3,0.019241,1,1.841400,0
2016-09-07,2038.7680,2048.2490,2032.1230,2034.4690,2038.5290,7492646656,125152600064.0000,3,0.020606,1,-0.199200,0
2016-09-08,2032.5250,2040.5260,2027.6100,2039.8440,2034.4690,5862987264,98510356480.0000,3,0.016089,1,0.264200,0
2016-09-09,2040.5730,2045.6660,2023.0220,2023.0220,2039.8440,6213154048,103621058560.0000,3,0.017032,1,-0.824700,0
2016-09-12,1986.6090,1996.2690,1964.1120,1964.2020,2023.0220,6865235968,111947272192.0000,3,0.018810,1,-2.907500,0
2016-09-13,1975.6270,1982.1110,1964.2070,1973.9160,1964.2020,5064925696,83355176960.0000,3,0.013869,1,0.494600,0
2016-09-14,1965.2690,1977.0970,1958.3490,1964.7980,1973.9160,4511285760,75909935104.0000,3,0.012350,1,-0.461900,0
2016-09-19,1968.8670,1987.1640,1968.8670,1983.4670,1964.7980,4193042880,71137579008.0000,3,0.011476,1,0.950200,0
2016-09-20,1984.5630,1985.1680,1974.6130,1980.0920,1983.4670,4134795200,67789584384.0000,3,0.011315,1,-0.170200,0
2016-09-21,1979.4870,1990.0400,1978.8660,1983.5730,1980.0920,4061567936,67717335552.0000,3,0.011113,1,0.175800,0
2016-09-22,1995.2350,2000.3470,1990.8830,1993.0740,1983.5730,4806784768,80205115392.0000,3,0.013151,1,0.479000,0
2016-09-23,1995.5870,1997.3020,1985.9380,1986.1830,1993.0740,4717820928,78387150848.0000,3,0.012892,1,-0.345700,0
2016-09-26,1983.4140,1983.4270,1946.0730,1946.0730,1986.1830,5375967232,88359866368.0000,3,0.014674,1,-2.019500,0
2016-09-27,1942.9090,1959.3980,1933.4470,1959.3980,1946.0730,4517639680,70948913152.0000,3,0.012299,1,0.684700,0
2016-09-28,1961.9670,1962.1860,1953.8390,1957.6450,1959.3980,3884420448,60191116800.0000,3,0.010445,1,-0.089500,0
2016-09-29,1959.1100,1972.2140,1959.1100,1965.6030,1957.6450,4022684000,63834693632.0000,3,0.010815,1,0.406500,0
2016-09-30,1964.1440,1976.9860,1963.5720,1973.6330,1965.6030,3649965888,57690793984.0000,3,0.009813,1,0.408500,0
2016-10-10,1985.3230,2015.4610,1982.5000,2015.4610,1973.6330,5744576256,95094681600.0000,3,0.015444,1,2.119300,0
2016-10-11,2016.2870,2023.9630,2012.9670,2023.9630,2015.4610,5548276736,89704353792.0000,3,0.014917,1,0.421800,0
2016-10-12,2018.9420,2028.1930,2015.4430,2024.9300,2023.9630,5509081600,85003268096.0000,3,0.014811,1,0.047800,0
2016-10-13,2025.4680,2030.7190,2019.6030,2025.3240,2024.9300,5371717632,85666725888.0000,3,0.014442,1,0.019500,0
2016-10-14,2022.3480,2022.3480,2004.7470,2017.9770,2025.3240,5512300544,85571674112.0000,3,0.014820,1,-0.362800,0
2016-10-17,2020.5330,2023.3120,1992.0310,1997.5720,2017.9770,5830609920,93656584192.0000,3,0.015675,1,-1.011200,0
2016-10-18,1996.0250,2026.7820,1996.0250,2026.7820,1997.5720,5741380352,94520025088.0000,3,0.015396,1,1.462300,0
2016-10-19,2029.6570,2030.6650,2013.8090,2018.5640,2026.7820,5641590528,89312043008.0000,3,0.015129,1,-0.405500,0
2016-10-20,2020.8790,2031.9950,2020.4480,2029.0810,2018.5640,6416069632,98325520384.0000,3,0.017205,1,0.521000,0
2016-10-21,2028.9750,2030.7850,2002.9760,2017.6860,2029.0810,5957948928,94762270720.0000,3,0.015954,1,-0.561600,0
2016-10-24,2019.3560,2037.5390,2015.8790,2032.9560,2017.6860,6020184576,97239658496.0000,3,0.016120,1,0.756800,0
2016-10-25,2033.8740,2037.4810,2031.1390,2036.0770,2032.9560,5985270784,96048603136.0000,3,0.016026,1,0.153500,0
2016-10-26,2036.8050,2036.8650,2019.3820,2024.8470,2036.0770,6411391232,102049984512.0000,3,0.017095,1,-0.551500,0
2016-10-27,2023.0270,2023.9380,2013.8250,2022.1100,2024.8470,5364630784,84018479104.0000,3,0.014288,1,-0.135200,0
2016-10-28,2020.5500,2029.3120,2004.8730,2004.8730,2022.1100,5620097280,90084986880.0000,3,0.014941,1,-0.852400,0
2016-10-31,1999.2670,2004.4730,1987.5000,2001.1820,2004.8730,4787214080,76456427520.0000,3,0.012723,1,-0.184100,0
2016-11-01,2002.2800,2017.8890,2001.2320,2017.8890,2001.1820,5022867456,80656117760.0000,3,0.013349,1,0.834900,0
2016-11-02,2014.0460,2016.6720,1997.7690,1999.1120,2017.8890,6051902464,96287129600.0000,3,0.015974,1,-0.930500,0
2016-11-03,1993.3490,2018.9190,1991.5080,2007.0260,1999.1120,6651701248,105171480576.0000,3,0.017557,1,0.395900,0
2016-11-04,2006.1150,2015.2140,1996.9830,2000.4900,2007.0260,5739412480,92157870080.0000,3,0.015145,1,-0.325700,0
2016-11-07,2000.1320,2004.1180,1991.6500,1995.0050,2000.4900,5154992128,82714914816.0000,3,0.013602,1,-0.274200,0
2016-11-08,2002.9130,2012.6480,1999.8230,2008.8620,1995.0050,5374192128,86025793536.0000,3,0.014176,1,0.694600,0
2016-11-09,2008.9900,2009.9130,1965.2670,1988.9700,2008.8620,6810739712,107586052096.0000,3,0.017964,1,-0.990200,0
2016-11-10,2004.1060,2011.6880,2003.4370,2009.6810,1988.9700,5979827712,93914488832.0000,3,0.015772,1,1.041300,0
2016-11-11,2010.0470,2014.7500,2000.5100,2014.7500,2009.6810,7029550080,111851438080.0000,3,0.018534,1,0.252200,0
2016-11-14,2012.8860,2030.7390,2012.1510,2023.2710,2014.7500,7670396928,122847625216.0000,3,0.020220,1,0.422900,0
2016-11-15,2023.8880,2034.1280,2016.1040,2034.1280,2023.2710,6653315584,105509462016.0000,3,0.017539,1,0.536600,0
2016-11-16,2039.1090,2048.5480,2038.2880,2038.6570,2034.1280,7498562560,122107019264.0000,3,0.019767,1,0.222600,0
2016-11-17,2035.0170,2035.0170,2018.9330,2026.8840,2038.6570,5651845888,89621860352.0000,3,0.014887,1,-0.577500,0
2016-11-18,2027.4090,2030.3690,2016.5650,2018.8550,2026.8840,5482583808,84616986624.0000,3,0.014435,1,-0.396100,0
2016-11-21,2017.5470,2024.9660,2012.6040,2018.3620,2018.8550,5327972352,85798830080.0000,3,0.014024,1,-0.024400,0
2016-11-22,2020.8870,2034.8310,2018.6570,2034.8310,2018.3620,6157416448,101002977280.0000,3,0.016207,1,0.816000,0
2016-11-23,2038.0200,2040.4670,2021.7360,2025.0320,2034.8310,7448988672,123234684928.0000,3,0.019605,1,-0.481600,0
2016-11-24,2021.4430,2025.2450,2006.0630,2009.8280,2025.0320,6323577600,101307367424.0000,3,0.016644,1,-0.750800,0
2016-11-25,2008.8670,2019.7800,1981.3480,2019.7800,2009.8280,6477490176,103621652480.0000,3,0.017046,1,0.495200,0
2016-11-28,2025.0360,2027.1810,2017.4710,2019.7580,2019.7800,5983214592,98387177472.0000,3,0.015737,1,-0.001100,0
2016-11-29,2017.5670,2027.5170,2010.0780,2010.0780,2019.7580,6475731968,104899256320.0000,3,0.017032,1,-0.479300,0
2016-11-30,2006.8460,2025.2260,2004.0370,2013.6230,2010.0780,6317716736,106439950336.0000,3,0.016615,1,0.176400,0
2016-12-01,2015.8230,2019.9740,2012.7580,2019.5120,2013.6230,5368020480,88160206848.0000,3,0.014117,1,0.292500,0
2016-12-02,2020.0350,2022.4900,1990.2000,1990.7370,2019.5120,6336605440,101586128896.0000,3,0.016668,1,-1.424800,0
2016-12-05,1976.8210,1999.9470,1973.1300,1985.6730,1990.7370,5334105600,87803781120.0000,3,0.014029,1,-0.254400,0
2016-12-06,1989.8490,1995.7170,1983.6640,1984.6720,1985.6730,4716466688,79373500416.0000,3,0.012404,1,-0.050400,0
2016-12-07,1984.6290,1999.9860,1980.6400,1999.9860,1984.6720,4865747968,76974936064.0000,3,0.012794,1,0.771600,0
2016-12-08,2002.6990,2002.9220,1988.0740,1989.1340,1999.9860,5116352768,83798843392.0000,3,0.013453,1,-0.542600,0
2016-12-09,1987.3260,1990.4280,1973.9230,1976.9590,1989.1340,5278008064,84525449216.0000,3,0.013876,1,-0.612100,0
2016-12-12,1974.9850,1975.3860,1876.6080,1878.6910,1976.9590,7987074560,123705085952.0000,3,0.020979,1,-4.970700,0
2016-12-13,1874.9120,1888.1890,1857.0350,1882.2000,1878.6910,5446287872,82525597696.0000,3,0.014305,1,0.186800,0
2016-12-14,1880.1000,1882.8650,1859.0580,1864.3500,1882.2000,5136570624,76953645056.0000,3,0.013484,1,-0.948400,0
2016-12-15,1857.8600,1888.3420,1855.7380,1875.2700,1864.3500,5003319808,73216888832.0000,3,0.013134,1,0.585700,0
2016-12-16,1875.4650,1896.6780,1873.1450,1892.9640,1875.2700,4879691264,70932701184.0000,3,0.012808,1,0.943500,0
2016-12-19,1891.9490,1891.9490,1879.9960,1883.2180,1892.9640,4184869040,58394107392.0000,3,0.010972,1,-0.514900,0
2016-12-20,1883.2520,1885.5310,1874.7460,1881.7400,1883.2180,4026133392,57389532160.0000,3,0.010555,1,-0.078500,0
2016-12-21,1885.5460,1895.7860,1885.5460,1892.7800,1881.7400,4295003904,61921160704.0000,3,0.011259,1,0.586700,0
2016-12-22,1893.1420,1893.2730,1881.2760,1890.0400,1892.7800,4025594944,57182879744.0000,3,0.010551,1,-0.144800,0
2016-12-23,1890.6020,1892.5270,1871.4110,1872.5420,1890.0400,3982499392,59068344832.0000,3,0.010436,1,-0.925800,0
2016-12-26,1866.6330,1879.6390,1844.6110,1879.6390,1872.5420,3966364944,60107042560.0000,3,0.010383,1,0.379000,0
2016-12-27,1880.4060,1884.7620,1877.1540,1878.0990,1879.6390,3604145632,54386020096.0000,3,0.009434,1,-0.081900,0
2016-12-28,1877.7220,1880.6140,1869.0210,1872.1150,1878.0990,3729238768,53602190848.0000,3,0.009760,1,-0.318600,0
2016-12-29,1870.1590,1878.3990,1865.8760,1866.7310,1872.1150,3740872016,55720975616.0000,3,0.009709,1,-0.287600,0
2016-12-30,1867.6990,1872.3750,1861.5610,1868.0820,1866.7310,3627956064,53506604032.0000,3,0.009402,1,0.072400,0
2017-01-03,1871.4790,1880.5390,1871.4790,1877.2860,1868.0820,3691587552,58984033024.0000,3,0.009725,1,0.492700,0
2017-01-04,1877.9130,1902.4540,1876.2530,1902.4540,1877.2860,5068262400,82368618496.0000,3,0.013348,1,1.340700,0
2017-01-05,1901.3380,1904.3390,1898.1380,1898.8260,1902.4540,4558181120,73563828224.0000,3,0.011998,1,-0.190700,0
2017-01-06,1896.8360,1896.8360,1879.6570,1879.7750,1898.8260,4532627712,71964143616.0000,3,0.011931,1,-1.003300,0
2017-01-09,1877.5660,1886.4560,1872.7500,1883.4310,1879.7750,4051623456,64555422720.0000,3,0.010661,1,0.194500,0
2017-01-10,1882.7770,1887.8360,1875.7420,1876.4650,1883.4310,3909638304,61040676864.0000,3,0.010286,1,-0.369900,0
2017-01-11,1873.9410,1879.5470,1857.8160,1859.1020,1876.4650,3787614832,59004679680.0000,3,0.009963,1,-0.925300,0
2017-01-12,1857.5340,1863.3980,1841.6750,1842.3820,1859.1020,3561452576,56017385216.0000,3,0.009367,1,-0.899400,0
2017-01-13,1841.8370,1844.7250,1812.8590,1814.2220,1842.3820,3848146896,60699133696.0000,3,0.010119,1,-1.528500,0
2017-01-16,1810.8570,1810.8570,1701.9900,1747.9290,1814.2220,5510245376,83391516672.0000,3,0.014485,1,-3.654100,0
2017-01-17,1742.5970,1773.8680,1725.0220,1771.5490,1747.9290,4081590736,63547313152.0000,3,0.010728,1,1.351300,0
2017-01-18,1766.9220,1771.2960,1758.6740,1760.6160,1771.5490,3017886160,47744022528.0000,3,0.007932,1,-0.617100,0
2017-01-19,1756.4740,1764.3770,1749.1410,1755.3510,1760.6160,2693620032,40966148096.0000,3,0.007078,1,-0.299000,0
2017-01-20,1754.2900,1789.1340,1754.1570,1785.1530,1755.3510,3440708720,55433924352.0000,3,0.009034,1,1.697800,0
2017-01-23,1787.5410,1803.7390,1787.5410,1797.3380,1785.1530,3231679696,50498180608.0000,3,0.008483,1,0.682600,0
2017-01-24,1796.5980,1797.7870,1784.3420,1785.8030,1797.3380,2929297040,46642926592.0000,3,0.007687,1,-0.641800,0
2017-01-25,1783.7140,1796.7810,1782.1320,1794.1340,1785.8030,2693712512,41494126336.0000,3,0.007062,1,0.466500,0
2017-01-26,1796.4270,1807.7770,1796.3500,1807.7770,1794.1340,2574431264,39354103808.0000,3,0.006746,1,0.760400,0
2017-02-03,1810.0340,1811.3150,1797.6810,1801.9390,1807.7770,2270879120,35050996224.0000,3,0.005945,1,-0.322900,0
2017-02-06,1802.2360,1819.9950,1799.5600,1819.9950,1801.9390,3348403520,51118043904.0000,3,0.008728,1,1.002000,0
2017-02-07,1819.0710,1822.1250,1806.8030,1814.5770,1819.9950,3442057424,54118430208.0000,3,0.008978,1,-0.297700,0
2017-02-08,1812.2190,1827.8180,1804.9460,1827.8180,1814.5770,3779492704,59366836736.0000,3,0.009862,1,0.729700,0
2017-02-09,1827.4470,1841.2880,1825.8680,1839.3230,1827.8180,4606095360,70176854016.0000,3,0.012013,1,0.629400,0
2017-02-10,1839.4390,1840.3840,1831.4200,1833.2520,1839.3230,4290414192,65148380160.0000,3,0.011192,1,-0.330100,0
2017-02-13,1831.9010,1846.9840,1829.7090,1845.3000,1833.2520,4245477200,65474691584.0000,3,0.011069,1,0.657200,0
2017-02-14,1845.5500,1848.3800,1839.3500,1843.8380,1845.3000,3682939008,61028378368.0000,3,0.009602,1,-0.079200,0
2017-02-15,1843.9230,1849.5940,1823.5440,1826.2530,1843.8380,4370963456,71424901120.0000,3,0.011394,1,-0.953700,0
2017-02-16,1825.8940,1836.9520,1822.7420,1835.6860,1826.2530,3828995584,59024542208.0000,3,0.009981,1,0.516500,0
2017-02-17,1835.9350,1840.9800,1820.8540,1823.0390,1835.6860,4346431488,66816847104.0000,3,0.011329,1,-0.689000,0
2017-02-20,1823.7310,1839.3300,1822.9280,1839.3300,1823.0390,4144934944,63859646208.0000,3,0.010789,1,0.893600,0
2017-02-21,1840.7840,1859.8630,1839.9060,1859.3450,1839.3300,5388062720,82685927424.0000,3,0.014024,1,1.088200,0
2017-02-22,1859.9120,1865.5340,1854.1040,1865.5340,1859.3450,5063965952,79207944192.0000,3,0.013180,1,0.332900,0
2017-02-23,1865.2870,1869.1720,1856.8810,1869.1720,1865.5340,5597330944,85353840640.0000,3,0.014567,1,0.195000,0
2017-02-24,1868.8030,1877.5460,1865.7700,1876.5940,1869.1720,5456213760,85220065280.0000,3,0.014201,1,0.397100,0
2017-02-27,1876.6560,1881.3070,1863.4160,1865.2180,1876.5940,5049766656,79424184320.0000,3,0.013140,1,-0.606200,0
2017-02-28,1865.8450,1872.3960,1862.3440,1870.4590,1865.2180,4633441536,71672336384.0000,3,0.012038,1,0.281000,0
2017-03-01,1869.9680,1879.9350,1868.3990,1874.8120,1870.4590,4918027776,81475231744.0000,3,0.012775,1,0.232700,0
2017-03-02,1877.0880,1879.3910,1865.5400,1866.3860,1874.8120,4699532032,79630905344.0000,3,0.012208,1,-0.449400,0
2017-03-03,1862.3390,1879.9550,1857.3480,1878.3000,1866.3860,5005366272,89038979072.0000,3,0.013001,1,0.638300,0
2017-03-06,1880.8930,1903.7130,1880.8930,1903.7130,1878.3000,5796301568,102852509696.0000,3,0.015055,1,1.353000,0
2017-03-07,1905.5990,1911.6080,1899.0230,1911.6080,1903.7130,5742527232,102039080960.0000,3,0.014916,1,0.414700,0
2017-03-08,1910.9740,1910.9740,1895.0190,1899.5670,1911.6080,4743342592,82089869312.0000,3,0.012313,1,-0.629900,0
2017-03-09,1896.8510,1897.0080,1883.3570,1887.3320,1899.5670,4687835648,80173248512.0000,3,0.012169,1,-0.644100,0
2017-03-10,1886.0800,1897.0230,1885.3000,1891.4000,1887.3320,4514731520,80768802816.0000,3,0.011717,1,0.215500,0
2017-03-13,1891.1360,1911.4540,1882.0980,1911.4540,1891.4000,5335076096,93154783232.0000,3,0.013846,1,1.060300,0
2017-03-14,1912.0870,1915.1670,1901.8140,1905.9950,1911.4540,5575906816,96307089408.0000,3,0.014470,1,-0.285600,0
2017-03-15,1902.4690,1908.0210,1897.8900,1906.1130,1905.9950,5376654592,91458908160.0000,3,0.013952,1,0.006200,0
2017-03-16,1909.3270,1922.1450,1909.3270,1922.1450,1906.1130,6039333120,101453189120.0000,3,0.015672,1,0.841100,0
2017-03-17,1923.1660,1930.7840,1904.9580,1904.9580,1922.1450,6755476224,112948523008.0000,3,0.017528,1,-0.894200,0
2017-03-20,1903.0710,1908.8110,1895.0800,1908.8110,1904.9580,5310514944,90140323840.0000,3,0.013781,1,0.202300,0
2017-03-21,1907.9780,1914.8380,1904.8130,1914.8380,1908.8110,4758338304,84119838720.0000,3,0.012347,1,0.315700,0
2017-03-22,1906.0590,1912.9580,1896.3810,1907.2860,1914.8380,5260928256,91065450496.0000,3,0.013646,1,-0.394400,0
2017-03-23,1908.4370,1917.6630,1890.6640,1909.6090,1907.2860,5377970688,94352482304.0000,3,0.013892,1,0.121800,0
2017-03-24,1909.3870,1922.8790,1907.8320,1920.6160,1909.6090,5282326272,89349156864.0000,3,0.013641,1,0.576400,0
2017-03-27,1920.6580,1923.2890,1910.3780,1910.7600,1920.6160,5132563200,86781521920.0000,3,0.013225,1,-0.513200,0
2017-03-28,1909.0550,1914.1150,1901.8900,1905.2540,1910.7600,4490570752,76804321280.0000,3,0.011570,1,-0.288200,0
2017-03-29,1906.4000,1909.0440,1891.6440,1893.2770,1905.2540,4815352064,82892722176.0000,3,0.012407,1,-0.628600,0
2017-03-30,1889.6420,1890.7830,1855.8940,1858.3310,1893.2770,5370306304,88978755584.0000,3,0.013833,1,-1.845800,0
2017-03-31,1859.2720,1872.1310,1859.2720,1872.1310,1858.3310,4296154624,74533810176.0000,3,0.011042,1,0.742600,0
2017-04-05,1881.7000,1908.1570,1881.7000,1908.1570,1872.1310,5895100928,98671820800.0000,3,0.015145,1,1.924300,0
2017-04-06,1911.8400,1914.5810,1904.7710,1911.4290,1908.1570,5786721536,94428446720.0000,3,0.014862,1,0.171500,0
2017-04-07,1910.9890,1919.6490,1907.4840,1914.0270,1911.4290,6358528768,101939294208.0000,3,0.016303,1,0.135900,0
2017-04-10,1912.2360,1912.4120,1891.5830,1892.9960,1914.0270,6943114752,112297275392.0000,3,0.017799,1,-1.098800,0
2017-04-11,1891.5690,1902.0940,1871.8300,1900.9890,1892.9960,7652756992,123474935808.0000,3,0.019583,1,0.422200,0
2017-04-12,1897.4080,1900.1640,1884.2890,1885.0330,1900.9890,6431462144,97675907072.0000,3,0.016445,1,-0.839400,0
2017-04-13,1883.5000,1901.4640,1883.4770,1894.9070,1885.0330,5154100992,78944509952.0000,3,0.013178,1,0.523800,0
2017-04-14,1897.0460,1897.0950,1871.3030,1872.3450,1894.9070,5978909440,89063645184.0000,3,0.015263,1,-1.190700,0
2017-04-17,1866.5360,1869.2150,1850.2820,1857.5990,1872.3450,5013018624,79303323648.0000,3,0.012781,1,-0.787600,0
2017-04-18,1857.4620,1866.9830,1843.1460,1844.7400,1857.5990,5363220480,84849356800.0000,3,0.013617,1,-0.692200,0
2017-04-19,1838.7560,1840.1180,1810.6650,1833.7700,1844.7400,5747248128,87277330432.0000,3,0.014558,1,-0.594700,0
2017-04-20,1833.0140,1841.9300,1823.5280,1834.7200,1833.7700,5065992192,80848699392.0000,3,0.012840,1,0.051800,0
2017-04-21,1834.1160,1844.3060,1823.8360,1824.8860,1834.7200,4238611312,67769145600.0000,3,0.010744,1,-0.536000,0
2017-04-24,1820.1850,1820.2780,1779.8280,1787.8130,1824.8860,4829660160,74354094080.0000,3,0.012227,1,-2.031500,0
2017-04-25,1789.0760,1807.9790,1789.0160,1795.4700,1787.8130,4718613504,74489053184.0000,3,0.011908,1,0.428300,0
2017-04-26,1793.9870,1806.6650,1793.8670,1802.2400,1795.4700,5243760128,84304932864.0000,3,0.013177,1,0.377100,0
2017-04-27,1797.4240,1815.6710,1770.9110,1812.5230,1802.2400,6481060352,99305046016.0000,3,0.016286,1,0.570600,0
2017-04-28,1808.5630,1818.6670,1805.5830,1818.0020,1812.5230,4972454144,78541963264.0000,3,0.012424,1,0.302300,0
2017-05-02,1814.0920,1818.8030,1808.3130,1817.0980,1818.0020,4672424448,74734030848.0000,3,0.011673,1,-0.049700,0
2017-05-03,1814.7590,1821.0680,1803.0180,1809.7520,1817.0980,4939743744,77140287488.0000,3,0.012341,1,-0.404300,0
2017-05-04,1807.0160,1824.9710,1798.2890,1806.7640,1809.7520,5261272832,82140454912.0000,3,0.013143,1,-0.165100,0
2017-05-05,1801.8700,1804.6670,1786.5050,1786.5050,1806.7640,4928559104,73802285056.0000,3,0.012311,1,-1.121300,0
2017-05-08,1782.7470,1789.8760,1759.5250,1759.5250,1786.5050,4894907392,74229014528.0000,3,0.012226,1,-1.510200,0
2017-05-09,1753.3650,1771.8440,1743.6740,1771.8440,1759.5250,4308287232,65675758592.0000,3,0.010760,1,0.700100,0
2017-05-10,1771.5360,1783.8780,1746.3370,1746.8060,1771.8440,4951049728,75654758400.0000,3,0.012330,1,-1.413100,0
2017-05-11,1736.6150,1744.3580,1706.1440,1744.3580,1746.8060,5323744256,75554443264.0000,3,0.013182,1,-0.140100,0
2017-05-12,1740.6310,1743.7270,1728.0590,1742.2810,1744.3580,4171891344,62717405952.0000,3,0.010299,1,-0.119100,0
2017-05-15,1747.4920,1756.6850,1747.4920,1752.0670,1742.2810,4023098368,62607867904.0000,3,0.009874,1,0.561700,0
2017-05-16,1748.3300,1789.5010,1737.9080,1789.5010,1752.0670,5889528320,92574285824.0000,3,0.014353,1,2.136600,0
2017-05-17,1787.2650,1800.3140,1785.9940,1789.8270,1789.5010,6068049408,94434250752.0000,3,0.014747,1,0.018200,0
2017-05-18,1775.9380,1790.1890,1772.1340,1776.8820,1789.8270,4901251840,74875731968.0000,3,0.011860,1,-0.723300,0
2017-05-19,1778.3920,1782.0850,1761.7970,1770.2200,1776.8820,4256924592,65285057792.0000,3,0.010265,1,-0.374900,0
2017-05-22,1767.9620,1778.0620,1748.9090,1754.8740,1770.2200,4556371712,67933726720.0000,3,0.010961,1,-0.866900,0
2017-05-23,1750.7720,1758.2400,1723.7480,1724.2420,1754.8740,5077771008,74682601472.0000,3,0.012204,1,-1.745500,0
2017-05-24,1716.6760,1737.3520,1696.7190,1737.3520,1724.2420,4496449792,64354846976.0000,3,0.010798,1,0.760300,0
2017-05-25,1733.6410,1749.0160,1715.2730,1744.8070,1737.3520,5400168448,76290842624.0000,3,0.012946,1,0.429100,0
2017-05-26,1740.8420,1746.5110,1732.7630,1735.6850,1744.8070,5082262016,72240140288.0000,3,0.012076,1,-0.522800,0
2017-05-31,1750.1120,1756.1610,1734.0180,1734.9020,1735.6850,5003187968,70447296512.0000,3,0.011862,1,-0.045100,0
2017-06-01,1729.5470,1731.1130,1702.9180,1702.9180,1734.9020,5068934912,70100344832.0000,3,0.012018,1,-1.843600,0
2017-06-02,1697.4490,1720.8750,1684.1610,1717.5330,1702.9180,4821452544,64635920384.0000,3,0.011425,1,0.858200,0
2017-06-05,1719.0920,1735.5390,1719.0390,1731.2880,1717.5330,4324905472,61426596096.0000,3,0.010229,1,0.800900,0
2017-06-06,1729.6540,1740.8350,1727.1370,1740.5110,1731.2880,3886175008,55139480832.0000,3,0.009189,1,0.532700,0
2017-06-07,1740.4320,1778.2090,1739.5080,1777.1680,1740.5110,6267580416,89537208320.0000,3,0.014801,1,2.106100,0
2017-06-08,1776.3010,1782.4180,1771.9530,1775.8480,1777.1680,5305044736,75665268736.0000,3,0.012503,1,-0.074300,0
2017-06-09,1775.0060,1781.3520,1767.4550,1780.5500,1775.8480,4983441664,70692405248.0000,3,0.011663,1,0.264800,0
2017-06-12,1771.3690,1773.9040,1759.3300,1761.0660,1780.5500,4736950272,67574634240.0000,3,0.011037,1,-1.094300,0
2017-06-13,1757.8010,1786.1240,1757.4830,1783.2850,1761.0660,4988208896,71371288576.0000,3,0.011553,1,1.261700,0
2017-06-14,1781.1410,1784.5090,1774.2540,1776.1430,1783.2850,5035008256,73253523456.0000,3,0.011645,1,-0.400500,0
2017-06-15,1773.8140,1797.4450,1773.7120,1795.0120,1776.1430,6197104128,84516892672.0000,3,0.014330,1,1.062400,0
2017-06-16,1793.9700,1796.2900,1787.5220,1789.9160,1795.0120,4917565952,68791635968.0000,3,0.011359,1,-0.283900,0
2017-06-19,1788.9690,1796.5390,1787.8060,1796.5390,1789.9160,4461671936,62370706432.0000,3,0.010305,1,0.370000,0
2017-06-20,1799.4460,1809.2510,1798.9710,1801.0220,1796.5390,5521976576,78961635328.0000,3,0.012696,1,0.249500,0
2017-06-21,1805.3850,1809.0880,1794.6850,1809.0620,1801.0220,5429416960,75764314112.0000,3,0.012452,1,0.446400,0
2017-06-22,1807.4310,1814.0630,1784.9180,1784.9180,1809.0620,6034361088,87442423808.0000,3,0.013839,1,-1.334600,0
2017-06-23,1782.3910,1794.2940,1767.8860,1794.2940,1784.9180,5604054016,79253127168.0000,3,0.012852,1,0.525300,0
2017-06-26,1795.0430,1817.0290,1794.1490,1817.0290,1794.2940,5506590976,81882509312.0000,3,0.012619,1,1.267100,0
2017-06-27,1816.7600,1822.6110,1810.5120,1816.3070,1817.0290,4974190080,71676440576.0000,3,0.011397,1,-0.039700,0
2017-06-28,1812.4010,1813.7020,1799.8880,1803.6410,1816.3070,4783278848,69418418176.0000,3,0.010958,1,-0.697300,0
2017-06-29,1804.1520,1818.8040,1804.1520,1814.7750,1803.6410,4854153472,73372643328.0000,3,0.011119,1,0.617300,0
2017-06-30,1808.1010,1819.2690,1803.7230,1818.4450,1814.7750,4522194176,67254819328.0000,3,0.010343,1,0.202200,0
2017-07-03,1818.8050,1827.0370,1810.8230,1827.0370,1818.4450,5520408576,83658006528.0000,3,0.012540,1,0.472500,0
2017-07-04,1825.3990,1825.6540,1814.3010,1820.1780,1827.0370,5523167744,85544431616.0000,3,0.012546,1,-0.375400,0
2017-07-05,1817.4960,1834.3960,1814.7920,1834.3960,1820.1780,5843549440,90409717760.0000,3,0.013262,1,0.781100,0
2017-07-06,1832.3110,1840.7310,1821.3040,1835.1790,1834.3960,7266136576,108039458816.0000,3,0.016393,1,0.042700,0
2017-07-07,1830.2370,1836.3410,1826.9520,1835.2660,1835.1790,6634676480,94568148992.0000,3,0.014920,1,0.004700,0
2017-07-10,1831.5960,1832.8690,1817.8700,1819.5320,1835.2660,6898421504,98416132096.0000,3,0.015509,1,-0.857300,0
2017-07-11,1816.1590,1820.5940,1801.8110,1802.0460,1819.5320,5951173376,87675121664.0000,3,0.013332,1,-0.961000,0
2017-07-12,1799.6360,1805.5890,1780.9480,1802.1500,1802.0460,6123340544,90610880512.0000,3,0.013714,1,0.005800,0
2017-07-13,1801.1600,1804.7950,1794.6970,1799.7520,1802.1500,5582107136,82305032192.0000,3,0.012486,1,-0.133100,0
2017-07-14,1796.5750,1796.6250,1784.2860,1788.8550,1799.7520,5581154304,81475911680.0000,3,0.012473,1,-0.605500,0
2017-07-17,1778.5010,1778.5010,1706.8870,1713.3970,1788.8550,8299650816,111212748800.0000,3,0.018515,1,-4.218200,0
2017-07-18,1703.3170,1720.6110,1694.4260,1720.3790,1713.3970,5812505344,79290601472.0000,3,0.012920,1,0.407500,0
2017-07-19,1716.0440,1748.0860,1711.2400,1748.0090,1720.3790,6532445184,91058577408.0000,3,0.014511,1,1.606000,0
2017-07-20,1746.7360,1767.2990,1745.4960,1756.8490,1748.0090,6538684160,95030976512.0000,3,0.014524,1,0.505700,0
2017-07-21,1756.0850,1765.6460,1754.9640,1759.8700,1756.8490,5753583872,84447043584.0000,3,0.012780,1,0.172000,0
2017-07-24,1756.8650,1764.3180,1752.2040,1762.7660,1759.8700,5925373184,85711843328.0000,3,0.013158,1,0.164600,0
2017-07-25,1761.8250,1768.3530,1750.9090,1757.4300,1762.7660,5813163264,82181435392.0000,3,0.012899,1,-0.302700,0
2017-07-26,1758.2800,1761.3360,1742.5780,1751.5480,1757.4300,5947433472,84869791744.0000,3,0.013196,1,-0.334700,0
2017-07-27,1750.2610,1787.2450,1742.8390,1786.5240,1751.5480,9157026304,126992748544.0000,3,0.020310,1,1.996900,0
2017-07-28,1783.4720,1792.8720,1781.8920,1787.7680,1786.5240,7504646656,107355672576.0000,3,0.016641,1,0.069600,0
2017-07-31,1787.1020,1800.9860,1784.6420,1798.3500,1787.7680,7862234368,111116742656.0000,3,0.017422,1,0.591900,0
2017-08-01,1796.7170,1802.3820,1792.7170,1801.8970,1798.3500,8038958080,114551590912.0000,3,0.017799,1,0.197200,0
2017-08-02,1803.4440,1807.6710,1788.1680,1789.3450,1801.8970,8355596032,118251638784.0000,3,0.018500,1,-0.696600,0
2017-08-03,1786.7650,1803.9150,1782.1890,1787.7610,1789.3450,7932921344,110594011136.0000,3,0.017544,1,-0.088500,0
2017-08-04,1785.7050,1788.4360,1773.3720,1773.4100,1787.7610,7476396288,104134840320.0000,3,0.016532,1,-0.802700,0
2017-08-07,1772.3210,1787.8330,1772.0350,1786.7130,1773.4100,5725669376,80651313152.0000,3,0.012662,1,0.750100,0
2017-08-08,1786.2960,1801.4410,1782.9830,1798.8790,1786.7130,7490376960,102484140032.0000,3,0.016562,1,0.680900,0
2017-08-09,1796.2900,1805.3250,1792.3900,1803.1400,1798.8790,6791268096,93949386752.0000,3,0.015010,1,0.236900,0
2017-08-10,1801.2710,1810.4350,1783.8500,1795.4230,1803.1400,7123754752,101751992320.0000,3,0.015744,1,-0.428000,0
2017-08-11,1784.6030,1797.2780,1774.1000,1775.7960,1795.4230,7216298752,100157583360.0000,3,0.015947,1,-1.093200,0
2017-08-14,1779.2830,1822.3960,1779.2830,1822.3960,1775.7960,7996844032,117134290944.0000,3,0.017669,1,2.624200,0
2017-08-15,1825.2270,1832.4300,1820.9930,1832.4300,1822.3960,7343247616,108209766400.0000,3,0.016213,1,0.550600,0
2017-08-16,1830.3450,1853.1290,1826.1350,1847.4190,1832.4300,9011889408,130620084224.0000,3,0.019897,1,0.818000,0
2017-08-17,1844.2910,1861.5910,1842.6800,1856.9860,1847.4190,8716093440,129847500800.0000,3,0.019234,1,0.517900,0
2017-08-18,1844.9800,1854.2210,1840.7570,1845.3260,1856.9860,7340758272,108418543616.0000,3,0.016181,1,-0.627900,0
2017-08-21,1848.0540,1857.8190,1847.1940,1857.8190,1845.3260,7023554816,103681830912.0000,3,0.015473,1,0.677000,0
2017-08-22,1858.3750,1859.3930,1846.8990,1850.6500,1857.8190,7777710848,115198464000.0000,3,0.017135,1,-0.385900,0
2017-08-23,1848.8220,1851.8810,1837.3800,1841.8450,1850.6500,6485554176,93342969856.0000,3,0.014274,1,-0.475800,0
2017-08-24,1841.5970,1843.6780,1826.5360,1829.1950,1841.8450,6082729984,88505724928.0000,3,0.013369,1,-0.686800,0
2017-08-25,1827.8830,1848.0820,1827.8830,1846.8660,1829.1950,6177504256,93051031552.0000,3,0.013536,1,0.966100,0
2017-08-28,1849.2030,1883.3210,1849.2030,1872.1040,1846.8660,9013053696,142729138176.0000,3,0.019745,1,1.366500,0
2017-08-29,1870.3880,1875.3500,1860.0070,1863.7060,1872.1040,7384702464,112232742912.0000,3,0.016168,1,-0.448600,0
2017-08-30,1863.5790,1876.3890,1863.5790,1871.8980,1863.7060,7010847232,105615556608.0000,3,0.015344,1,0.439500,0
2017-08-31,1873.2610,1878.5400,1868.9230,1878.5400,1871.8980,6569105408,99578945536.0000,3,0.014370,1,0.354800,0
2017-09-01,1879.2940,1893.3790,1874.9720,1893.1910,1878.5400,8157957120,125623570432.0000,3,0.017834,1,0.779900,0
2017-09-04,1891.8960,1910.7150,1888.8440,1908.7100,1893.1910,9213655040,140312178688.0000,3,0.020137,1,0.819700,0
2017-09-05,1907.4430,1913.7160,1900.1610,1912.7890,1908.7100,8327240448,128746045440.0000,3,0.018198,1,0.213700,0
2017-09-06,1907.5990,1923.0310,1904.5940,1922.9260,1912.7890,9504477952,147210235904.0000,3,0.020578,1,0.530000,0
2017-09-07,1925.0580,1931.5450,1910.9780,1912.0800,1922.9260,9906753536,153416015872.0000,3,0.021448,1,-0.564000,0
2017-09-08,1910.4960,1920.1980,1901.2070,1913.0460,1912.0800,7917883392,124087177216.0000,3,0.017117,1,0.050500,0
2017-09-11,1915.2810,1931.5230,1913.3770,1931.5230,1913.0460,8452062976,135141924864.0000,3,0.018258,1,0.965800,0
2017-09-12,1933.7190,1946.6240,1923.6750,1927.5900,1931.5230,11575493888,183974858752.0000,3,0.025003,1,-0.203600,0
2017-09-13,1926.5640,1933.6700,1918.0960,1933.6700,1927.5900,8283129856,126466244608.0000,3,0.017888,1,0.315400,0
2017-09-14,1934.5100,1938.0380,1919.7220,1924.8920,1933.6700,8346369024,126617387008.0000,3,0.018024,1,-0.454000,0
2017-09-15,1922.7460,1925.4980,1911.7300,1919.1660,1924.8920,7955177984,119008366592.0000,3,0.017180,1,-0.297500,0
2017-09-18,1918.2040,1937.2540,1918.2040,1937.2540,1919.1660,7545940736,115172700160.0000,3,0.016289,1,0.942500,0
2017-09-19,1937.9850,1941.2080,1918.0700,1923.7890,1937.2540,7720480256,120779829248.0000,3,0.016665,1,-0.695100,0
2017-09-20,1923.0290,1941.3420,1922.5390,1941.3420,1923.7890,8217367040,123427254272.0000,3,0.017732,1,0.912400,0
2017-09-21,1941.6210,1945.5620,1925.7100,1925.9440,1941.3420,8560235264,129036967936.0000,3,0.018463,1,-0.793200,0
2017-09-22,1920.4710,1922.3770,1909.1470,1917.4230,1925.9440,7079848192,106393022464.0000,3,0.015263,1,-0.442400,0
2017-09-25,1914.9500,1918.0000,1891.9810,1894.5670,1917.4230,6349690112,96047185920.0000,3,0.013686,1,-1.192000,0
2017-09-26,1891.0720,1897.7650,1882.7390,1895.2940,1894.5670,5485288960,84745773056.0000,3,0.011822,1,0.038400,0
2017-09-27,1895.7720,1915.0340,1895.7720,1911.4740,1895.2940,5855857920,94069571584.0000,3,0.012614,1,0.853700,0
2017-09-28,1909.2720,1917.4160,1908.0030,1908.0540,1911.4740,6092709888,92616781824.0000,3,0.013093,1,-0.178900,0
2017-09-29,1910.3090,1922.3390,1910.3090,1922.3390,1908.0540,6244600064,96635203584.0000,3,0.013419,1,0.748700,0
2017-10-09,1945.5130,1949.9440,1937.3890,1945.7030,1922.3390,7830903296,121386639360.0000,3,0.016748,1,1.215400,0
2017-10-10,1945.3850,1962.0810,1943.2470,1962.0810,1945.7030,8108140288,120453312512.0000,3,0.017341,1,0.841800,0
2017-10-11,1961.5600,1966.1330,1954.8750,1956.9490,1962.0810,8409859584,127916261376.0000,3,0.017982,1,-0.261600,0
2017-10-12,1955.8490,1961.5610,1941.8240,1953.2890,1956.9490,6712459008,100965285888.0000,3,0.014352,1,-0.187000,0
2017-10-13,1954.3250,1971.7730,1952.6900,1971.7730,1953.2890,6576162560,103845728256.0000,3,0.014058,1,0.946300,0
2017-10-16,1971.3760,1973.4860,1942.7340,1943.0920,1971.7730,7933303808,120790839296.0000,3,0.016944,1,-1.454600,0
2017-10-17,1939.2210,1949.8780,1932.3090,1940.4760,1943.0920,5410306304,85588303872.0000,3,0.011554,1,-0.134600,0
2017-10-18,1941.4220,1950.3170,1931.8850,1935.4280,1940.4760,6002304768,91620573184.0000,3,0.012817,1,-0.260100,0
2017-10-19,1935.2230,1940.0580,1921.4940,1923.5290,1935.4280,6129519360,89250144256.0000,3,0.013088,1,-0.614800,0
2017-10-20,1917.7690,1938.0120,1915.0530,1938.0120,1923.5290,5026747648,80889905152.0000,3,0.010731,1,0.752900,0
2017-10-23,1938.8970,1951.9720,1936.6320,1951.9720,1938.0120,5260864256,82063331328.0000,3,0.011221,1,0.720300,0
2017-10-24,1948.9320,1950.8860,1936.4860,1950.8860,1951.9720,5386023424,84951433216.0000,3,0.011479,1,-0.055600,0
2017-10-25,1949.2100,1962.7320,1947.9420,1962.7320,1950.8860,5116817408,81487056896.0000,3,0.010905,1,0.607200,0
2017-10-26,1959.4550,1969.4010,1955.6340,1963.5710,1962.7320,6266711040,100570595328.0000,3,0.013356,1,0.042700,0
2017-10-27,1962.0840,1965.1570,1949.6590,1952.2440,1963.5710,5894767616,88493334528.0000,3,0.012561,1,-0.576900,0
2017-10-30,1951.3740,1955.6270,1902.4410,1919.2330,1952.2440,7736695296,114210324480.0000,3,0.016462,1,-1.690900,0
2017-10-31,1917.3060,1934.6760,1916.9830,1934.6760,1919.2330,5365893632,85900587008.0000,3,0.011411,1,0.804600,0
2017-11-01,1934.5120,1942.0490,1931.2620,1933.7320,1934.6760,5640680448,90757517312.0000,3,0.011995,1,-0.048800,0
2017-11-02,1930.9420,1930.9420,1914.8900,1917.7070,1933.7320,5993981696,94401064960.0000,3,0.012750,1,-0.828700,0
2017-11-03,1916.4660,1926.1460,1897.0950,1905.9190,1917.7070,6074266368,96032428032.0000,3,0.012934,1,-0.614700,0
2017-11-06,1905.9720,1926.2500,1899.1310,1926.2500,1905.9190,5914038784,97056841728.0000,3,0.012585,1,1.066700,0
2017-11-07,1926.2930,1939.6920,1923.4540,1939.6920,1926.2500,6204447488,102915575808.0000,3,0.013199,1,0.697800,0
2017-11-08,1938.5740,1958.0290,1935.8520,1941.5520,1939.6920,7178727168,118553358336.0000,3,0.015273,1,0.095900,0
2017-11-09,1940.4700,1959.8180,1937.1310,1959.8180,1941.5520,6278721792,101938622464.0000,3,0.013354,1,0.940800,0
2017-11-10,1957.9030,1976.2880,1956.3440,1973.0390,1959.8180,7480891648,120785752064.0000,3,0.015912,1,0.674600,0
2017-11-13,1974.4920,1984.3940,1967.9310,1982.5220,1973.0390,7952268288,134319525888.0000,3,0.016902,1,0.480600,0
2017-11-14,1982.9260,1985.4360,1959.1610,1965.9040,1982.5220,7539271424,130113523712.0000,3,0.016006,1,-0.838200,0
2017-11-15,1959.8610,1962.8040,1926.7550,1936.1450,1965.9040,6581967360,114452791296.0000,3,0.013972,1,-1.513800,0
2017-11-16,1933.8030,1948.9320,1929.2920,1945.1880,1936.1450,6385547008,105127960576.0000,3,0.013555,1,0.467100,0
2017-11-17,1944.0110,1947.6800,1893.8350,1895.0260,1945.1880,8298037504,128507699200.0000,3,0.017615,1,-2.578800,0
2017-11-20,1884.6960,1921.8890,1857.0880,1921.8890,1895.0260,6715815936,106767855616.0000,3,0.014236,1,1.417600,0
2017-11-21,1920.2390,1939.0850,1915.0640,1935.1320,1921.8890,7060502784,116291362816.0000,3,0.014965,1,0.689100,0
2017-11-22,1935.6530,1947.0190,1913.1210,1931.0650,1935.1320,7333669888,122114670592.0000,3,0.015542,1,-0.210200,0
2017-11-23,1924.7860,1924.7860,1871.0020,1871.8200,1931.0650,7190246400,118355210240.0000,3,0.015237,1,-3.068000,0
2017-11-24,1864.7060,1880.5250,1857.8930,1865.9630,1871.8200,5675045120,93046730752.0000,3,0.012024,1,-0.312900,0
2017-11-27,1863.5390,1863.5810,1832.5350,1835.2860,1865.9630,5546528512,89845161984.0000,3,0.011744,1,-1.644000,0
2017-11-28,1834.4440,1866.5760,1834.4440,1866.5760,1835.2860,5229719552,83804397568.0000,3,0.011073,1,1.704900,0
2017-11-29,1868.0710,1870.4920,1841.6780,1863.8740,1866.5760,6022788608,93185552384.0000,3,0.012750,1,-0.144800,0
2017-11-30,1858.3020,1865.8010,1838.8780,1843.9280,1863.8740,5349054720,85889265664.0000,3,0.011321,1,-1.070100,0
2017-12-01,1843.3330,1871.4690,1843.3140,1868.3040,1843.9280,5977254144,92041740288.0000,3,0.012650,1,1.322000,0
2017-12-04,1866.2470,1875.1350,1858.3020,1860.2980,1868.3040,5766951168,89940594688.0000,3,0.012201,1,-0.428500,0
2017-12-05,1856.6130,1864.1390,1808.8460,1819.7540,1860.2980,6607469312,100273094656.0000,3,0.013974,1,-2.179400,0
2017-12-06,1817.4310,1838.7100,1799.8010,1838.7100,1819.7540,6098813440,91520180224.0000,3,0.012898,1,1.041700,0
2017-12-07,1834.5450,1840.4070,1824.7130,1826.9160,1838.7100,5322755584,79236120576.0000,3,0.011256,1,-0.641400,0
2017-12-08,1824.9520,1854.2390,1824.8330,1847.8440,1826.9160,5744000768,87524360192.0000,3,0.012146,1,1.145500,0
2017-12-11,1851.6420,1877.1050,1851.6420,1877.1050,1847.8440,6263363072,97534590976.0000,3,0.013240,1,1.583500,0
2017-12-12,1877.7640,1882.3010,1861.6650,1861.6650,1877.1050,6153027840,96846860288.0000,3,0.013005,1,-0.822500,0
2017-12-13,1858.6920,1874.1900,1854.7010,1874.1900,1861.6650,5507949824,83671396352.0000,3,0.011641,1,0.672800,0
2017-12-14,1872.4500,1877.0920,1859.1370,1868.9180,1874.1900,6093337088,94125281280.0000,3,0.012873,1,-0.281300,0
2017-12-15,1865.8570,1870.8950,1850.7570,1856.7250,1868.9180,6142892288,93282111488.0000,3,0.012975,1,-0.652400,0
2017-12-18,1854.8570,1857.8470,1835.3730,1841.6330,1856.7250,5143287808,79144333312.0000,3,0.010860,1,-0.812800,0
2017-12-19,1842.1420,1858.1260,1842.1420,1857.5540,1841.6330,5091076608,76049440768.0000,3,0.010748,1,0.864500,0
2017-12-20,1857.5710,1858.2280,1840.5660,1843.0150,1857.5540,5540395776,83350802432.0000,3,0.011697,1,-0.782700,0
2017-12-21,1839.7190,1862.6180,1827.5330,1857.7110,1843.0150,5673085952,87302807552.0000,3,0.011967,1,0.797400,0
2017-12-22,1856.1350,1862.5440,1847.5840,1849.7600,1857.7110,4933031424,75395342336.0000,3,0.010398,1,-0.428000,0
2017-12-25,1850.1100,1851.8070,1822.1300,1827.5920,1849.7600,5687455488,82736414720.0000,3,0.011977,1,-1.198400,0
2017-12-26,1825.7690,1831.7510,1812.3700,1831.2320,1827.5920,4835425792,69534236672.0000,3,0.010174,1,0.199200,0
2017-12-27,1828.9850,1829.9870,1813.1130,1813.5020,1831.2320,5075777280,76843200512.0000,3,0.010672,1,-0.968200,0
2017-12-28,1810.2140,1825.1540,1808.6880,1816.5520,1813.5020,5152401664,74579623936.0000,3,0.010832,1,0.168200,0
2017-12-29,1817.9340,1831.2840,1817.8600,1831.2840,1816.5520,4799788544,69557977088.0000,3,0.009949,1,0.811000,0
2018-01-02,1835.9160,1849.1670,1830.7730,1849.1670,1831.2840,5699686144,84098150400.0000,3,0.011900,1,0.976500,0
2018-01-03,1848.9750,1873.6660,1847.1100,1870.6880,1849.1670,7046408960,108486250496.0000,3,0.014712,1,1.163800,0
2018-01-04,1868.1320,1876.7420,1866.1100,1876.1100,1870.6880,6256532992,97069768704.0000,3,0.013046,1,0.289800,0
2018-01-05,1876.1640,1878.6640,1870.2320,1872.0350,1876.1100,6406491648,95817142272.0000,3,0.013349,1,-0.217200,0
2018-01-08,1871.8340,1874.4800,1859.6820,1874.4800,1872.0350,7007697408,104501460992.0000,3,0.014600,1,0.130600,0
2018-01-09,1873.0430,1876.4610,1870.0250,1876.4610,1874.4800,5916421120,88495333376.0000,3,0.012326,1,0.105700,0
2018-01-10,1875.6230,1877.0580,1853.6740,1868.0140,1876.4610,6996925952,99884118016.0000,3,0.014570,1,-0.450200,0
2018-01-11,1865.0880,1884.2150,1857.0020,1882.2830,1868.0140,7584753152,105432027136.0000,3,0.015785,1,0.763900,0
2018-01-12,1881.4370,1883.5210,1867.9480,1869.9640,1882.2830,7395475968,97907265536.0000,3,0.015397,1,-0.654500,0
2018-01-15,1864.3870,1864.7090,1819.1560,1823.7710,1869.9640,8325460736,116064665600.0000,3,0.017333,1,-2.470300,0
2018-01-16,1820.1840,1832.9210,1816.1140,1825.1770,1823.7710,6821126144,98022264832.0000,3,0.014201,1,0.077100,0
2018-01-17,1819.0700,1826.0910,1787.6560,1820.3520,1825.1770,7811863552,110750031872.0000,3,0.016267,1,-0.264400,0
2018-01-18,1816.7650,1829.7110,1816.2710,1820.3090,1820.3520,5333456640,76146565120.0000,3,0.011103,1,-0.002400,0
2018-01-19,1818.8970,1829.6770,1814.5630,1817.4370,1820.3090,6190265856,87520157696.0000,3,0.012884,1,-0.157800,0
2018-01-22,1816.7270,1849.4300,1809.4460,1848.8450,1817.4370,6798160128,101398929408.0000,3,0.014126,1,1.728100,0
2018-01-23,1848.9880,1857.7990,1844.2370,1851.5510,1848.8450,5724018432,86488076288.0000,3,0.011880,1,0.146400,0
2018-01-24,1850.6690,1872.4680,1835.7850,1871.1910,1851.5510,8102441216,122436464640.0000,3,0.016791,1,1.060700,0
2018-01-25,1869.0510,1886.1060,1865.6010,1865.9890,1871.1910,8344208384,122306035712.0000,3,0.017282,1,-0.278000,0
2018-01-26,1862.0080,1869.5280,1859.0070,1861.4230,1865.9890,6502776064,94537441280.0000,3,0.013467,1,-0.244700,0
2018-01-29,1860.2930,1862.1030,1830.3860,1835.1590,1861.4230,7082051584,104308789248.0000,3,0.014665,1,-1.411000,0
2018-01-30,1831.2900,1840.8870,1826.2190,1830.5150,1835.1590,5547019520,81668993024.0000,3,0.011486,1,-0.253100,0
2018-01-31,1817.7080,1818.8230,1790.0530,1794.3140,1830.5150,7318009856,98469527552.0000,3,0.015153,1,-1.977600,0
2018-02-01,1792.3870,1798.9330,1740.5930,1742.4540,1794.3140,7791933952,101423484928.0000,3,0.016134,1,-2.890200,0
2018-02-02,1731.8000,1758.0690,1709.3710,1749.9270,1742.4540,6624900608,89388912640.0000,3,0.013714,1,0.428900,0
2018-02-05,1726.0540,1744.0520,1722.3710,1737.7940,1749.9270,5208692224,73177288704.0000,3,0.010778,1,-0.693300,0
2018-02-06,1702.8080,1717.6140,1658.3400,1658.6820,1737.7940,7144262144,96348266496.0000,3,0.014782,1,-4.552400,0
2018-02-07,1687.8600,1694.3290,1630.8830,1659.0630,1658.6820,7008744192,93417177088.0000,3,0.014503,1,0.023000,0
2018-02-08,1655.0090,1690.0660,1654.1970,1687.2060,1659.0630,5538662400,76112629760.0000,3,0.011459,1,1.696300,0
2018-02-09,1644.9410,1662.7380,1617.7530,1637.5230,1687.2060,6974386944,90406477824.0000,3,0.014432,1,-2.944700,0
2018-02-12,1647.6170,1693.6520,1647.6170,1689.1430,1637.5230,5729267968,77779378176.0000,3,0.011854,1,3.152300,0
2018-02-13,1698.4020,1709.8940,1691.0430,1693.5820,1689.1430,5247717120,74228191232.0000,3,0.010853,1,0.262800,0
2018-02-14,1695.6190,1698.1140,1684.2900,1698.1140,1693.5820,3519948816,49370525184.0000,3,0.007279,1,0.267600,0
2018-02-22,1713.7370,1735.2590,1711.1870,1734.0110,1698.1140,4927075328,71914823680.0000,3,0.010188,1,2.113900,0
2018-02-23,1733.6450,1738.2280,1720.3180,1733.6580,1734.0110,5019704832,71238590464.0000,3,0.010378,1,-0.020400,0
2018-02-26,1744.4730,1786.6050,1742.0780,1782.4180,1733.6580,7820117248,113945751552.0000,3,0.016146,1,2.812600,0
2018-02-27,1781.6290,1793.7380,1778.2880,1783.2890,1782.4180,8061323776,114519732224.0000,3,0.016644,1,0.048900,0
2018-02-28,1768.5620,1802.8250,1763.0530,1793.1520,1783.2890,8063989248,117697126400.0000,3,0.016641,1,0.553100,0
2018-03-01,1781.9430,1821.0320,1778.0370,1821.0320,1793.1520,8022861824,116708306944.0000,3,0.016556,1,1.554800,0
2018-03-02,1808.1080,1823.4060,1799.2240,1801.8850,1821.0320,7533712896,108015628288.0000,3,0.015544,1,-1.051400,0
2018-03-05,1807.2680,1813.5470,1797.1870,1813.5470,1801.8850,6321838336,92576141312.0000,3,0.013044,1,0.647200,0
2018-03-06,1816.8390,1828.4980,1815.6820,1826.3990,1813.5470,7786282752,115880222720.0000,3,0.016065,1,0.708700,0
2018-03-07,1823.5070,1826.6520,1807.6200,1808.9650,1826.3990,6330584320,93513089024.0000,3,0.013062,1,-0.954600,0
2018-03-08,1807.2630,1819.1820,1805.5190,1819.1820,1808.9650,5980889856,87292334080.0000,3,0.012335,1,0.564800,0
2018-03-09,1821.7480,1861.6680,1820.3320,1860.2680,1819.1820,9314505216,131952877568.0000,3,0.019212,1,2.258500,0
2018-03-12,1872.9710,1890.3960,1872.9710,1889.6180,1860.2680,10537414144,157692596224.0000,3,0.021714,1,1.577700,0
2018-03-13,1886.7430,1892.7000,1872.3650,1875.4600,1889.6180,8701129984,126059175936.0000,3,0.017921,1,-0.749300,0
2018-03-14,1867.7970,1876.8950,1852.5700,1853.0880,1875.4600,7214743552,108035973120.0000,3,0.014854,1,-1.192900,0
2018-03-15,1847.0430,1859.9610,1831.5810,1855.6450,1853.0880,7055749632,102378328064.0000,3,0.014512,1,0.138000,0
2018-03-16,1856.4590,1862.5130,1837.4460,1837.4460,1855.6450,6326241280,93909458944.0000,3,0.013018,1,-0.980700,0
2018-03-19,1836.8650,1859.4990,1832.1280,1846.5340,1837.4460,6318779136,94493134848.0000,3,0.012996,1,0.494600,0
2018-03-20,1831.4900,1852.2430,1827.5220,1851.2740,1846.5340,6268854784,92464427008.0000,3,0.012877,1,0.256700,0
2018-03-21,1854.4130,1866.6760,1831.2340,1831.8320,1851.2740,7254861824,109083996160.0000,3,0.014886,1,-1.050200,0
2018-03-22,1832.5180,1842.2930,1816.6860,1820.6440,1831.8320,6413172736,92798582784.0000,3,0.013141,1,-0.610800,0
2018-03-23,1760.1370,1786.0330,1713.6580,1735.5330,1820.6440,10590323456,137941966848.0000,3,0.021700,1,-4.674800,0
2018-03-26,1713.8380,1772.6160,1701.8960,1772.6160,1735.5330,7837032704,108955860992.0000,3,0.016048,1,2.136700,0
2018-03-27,1791.0010,1823.3180,1791.0010,1821.9810,1772.6160,9110640384,133993996288.0000,3,0.018655,1,2.784900,0
2018-03-28,1797.2320,1824.1600,1793.5090,1803.6830,1821.9810,7970691840,118380789760.0000,3,0.016323,1,-1.004300,0
2018-03-29,1810.3940,1818.8980,1795.4240,1811.6470,1803.6830,7037915136,104456224768.0000,3,0.014412,1,0.441500,0
2018-03-30,1818.1690,1846.2640,1818.0610,1846.2640,1811.6470,8327729664,126887624704.0000,3,0.017056,1,1.910800,0
2018-04-02,1852.7640,1860.1700,1840.9150,1844.6820,1846.2640,9517754112,147378855936.0000,3,0.019495,1,-0.085700,0
2018-04-03,1820.1800,1829.8520,1808.2940,1826.3570,1844.6820,7948635392,117121622016.0000,3,0.016281,1,-0.993400,0
2018-04-04,1832.3530,1838.2350,1803.6290,1804.9530,1826.3570,6950446080,103328346112.0000,3,0.014236,1,-1.172000,0
2018-04-09,1799.7380,1818.3220,1786.1800,1805.1050,1804.9530,6496177664,96557264896.0000,3,0.013289,1,0.008400,0
2018-04-10,1807.4050,1812.3140,1790.6880,1812.3140,1805.1050,6979779072,101919088640.0000,3,0.014276,1,0.399400,0
2018-04-11,1817.5500,1828.9430,1815.1600,1818.3310,1812.3140,6689548544,96209371136.0000,3,0.013683,1,0.332000,0
2018-04-12,1816.5330,1824.1210,1805.3620,1807.1210,1818.3310,5892154112,85111422976.0000,3,0.012045,1,-0.616500,0
2018-04-13,1817.3730,1823.4910,1800.7100,1804.6260,1807.1210,5661790208,83310362624.0000,3,0.011574,1,-0.138100,0
2018-04-16,1799.3380,1816.3730,1789.5750,1804.8180,1804.6260,7236012544,103844708352.0000,3,0.014785,1,0.010600,0
2018-04-17,1807.7490,1812.6860,1755.3380,1756.0720,1804.8180,7571828480,114419240960.0000,3,0.015471,1,-2.700900,0
2018-04-18,1767.8660,1788.5430,1733.2560,1784.5910,1756.0720,8554528000,127749103616.0000,3,0.017476,1,1.624000,0
2018-04-19,1783.0510,1804.5420,1781.5950,1791.1990,1784.5910,7758807296,117453299712.0000,3,0.015827,1,0.370300,0
2018-04-20,1784.6970,1793.6010,1754.2100,1756.5030,1791.1990,7475927808,107525292032.0000,3,0.015220,1,-1.937000,0
2018-04-23,1757.5180,1763.2240,1714.0180,1731.9120,1756.5030,6987050752,101856686080.0000,3,0.014207,1,-1.400000,0
2018-04-24,1729.0920,1772.1810,1728.6590,1772.1810,1731.9120,7182014464,103619575808.0000,3,0.014600,1,2.325100,0
2018-04-25,1763.6830,1779.6500,1760.9410,1775.9210,1772.1810,6941555200,101450141696.0000,3,0.014103,1,0.211000,0
2018-04-26,1774.6200,1774.6200,1738.2740,1738.4720,1775.9210,6826314496,96838041600.0000,3,0.013871,1,-2.108700,0
2018-04-27,1748.0790,1759.1470,1733.5220,1751.1910,1738.4720,6362111232,94490705920.0000,3,0.012899,1,0.731600,0
2018-05-02,1758.2140,1769.3810,1740.8710,1752.3340,1751.1910,6138863616,89000583168.0000,3,0.012403,1,0.065300,0
2018-05-03,1749.1570,1770.5340,1727.5000,1770.3310,1752.3340,6584210944,93798666240.0000,3,0.013302,1,1.027000,0
2018-05-04,1765.8040,1777.9210,1762.7660,1767.1300,1770.3310,5387787520,81098842112.0000,3,0.010880,1,-0.180800,0
2018-05-07,1771.0610,1800.3480,1770.0530,1799.2000,1767.1300,6304007424,96090591232.0000,3,0.012732,1,1.814800,0
2018-05-08,1800.0230,1807.3090,1796.1960,1806.7030,1799.2000,6547692544,97274867712.0000,3,0.013224,1,0.417000,0
2018-05-09,1804.8540,1808.8850,1796.6460,1805.3090,1806.7030,5675002368,81831059456.0000,3,0.011417,1,-0.077200,0
2018-05-10,1807.2810,1812.6390,1796.9810,1811.4420,1805.3090,6091353856,88801046528.0000,3,0.012254,1,0.339700,0
2018-05-11,1813.8530,1815.7630,1794.7510,1794.7510,1811.4420,6283686400,93569908736.0000,3,0.012636,1,-0.921400,0
2018-05-14,1796.5910,1809.2150,1791.7360,1797.1850,1794.7510,6549228288,98572353536.0000,3,0.013165,1,0.135600,0
2018-05-15,1799.8510,1813.4930,1790.2000,1813.4930,1797.1850,5979202048,86129516544.0000,3,0.012003,1,0.907400,0
2018-05-16,1807.2260,1818.8520,1803.9610,1805.8100,1813.4930,6030798080,87816437760.0000,3,0.012088,1,-0.423700,0
2018-05-17,1804.7980,1808.5750,1790.1140,1794.2900,1805.8100,5218340096,74324434944.0000,3,0.010446,1,-0.637900,0
2018-05-18,1791.2690,1797.4500,1776.7350,1796.0470,1794.2900,5241176576,74654199808.0000,3,0.010492,1,0.097900,0
2018-05-21,1807.0920,1822.6140,1807.0920,1817.8700,1796.0470,7003117568,100348829696.0000,3,0.013998,1,1.215100,0
2018-05-22,1815.8040,1822.8150,1808.6810,1822.8150,1817.8700,6408958720,86932922368.0000,3,0.012781,1,0.272000,0
2018-05-23,1819.4930,1821.0020,1800.0680,1800.0680,1822.8150,6721317120,92407218176.0000,3,0.013400,1,-1.247900,0
2018-05-24,1800.9480,1805.5080,1788.4770,1789.9680,1800.0680,5845915648,82287951872.0000,3,0.011638,1,-0.561100,0
2018-05-25,1787.2130,1790.3680,1764.3380,1765.7880,1789.9680,6401933056,86064177152.0000,3,0.012707,1,-1.350900,0
2018-05-28,1762.7150,1776.6270,1752.4680,1762.5700,1765.7880,6107732736,82789179392.0000,3,0.012091,1,-0.182200,0
2018-05-29,1759.2040,1773.4320,1744.0680,1744.2740,1762.5700,5883873280,81471299584.0000,3,0.011640,1,-1.038000,0
2018-05-30,1718.5150,1726.4360,1697.9000,1699.2680,1744.2740,7151501568,91985686528.0000,3,0.014139,1,-2.580200,0
2018-05-31,1711.9080,1725.4830,1697.6650,1724.9230,1699.2680,6208047616,81865322496.0000,3,0.012255,1,1.509800,0
2018-06-01,1716.9350,1721.1500,1691.8220,1700.4240,1724.9230,5801838592,75968802816.0000,3,0.011441,1,-1.420300,0
2018-06-04,1702.2620,1706.4490,1686.1560,1694.9270,1700.4240,5397595904,70335557632.0000,3,0.010644,1,-0.323300,0
2018-06-05,1696.1460,1730.8160,1696.1460,1730.8160,1694.9270,5608372224,75872497664.0000,3,0.011058,1,2.117400,0
2018-06-06,1728.6180,1736.4770,1724.1360,1730.0190,1730.8160,5205914368,72099737600.0000,3,0.010256,1,-0.046000,0
2018-06-07,1735.5480,1737.3770,1717.3510,1718.4150,1730.0190,5095294464,66172289792.0000,3,0.010013,1,-0.670700,0
2018-06-08,1714.9960,1715.1670,1688.5880,1700.6730,1718.4150,5486529280,68659450880.0000,3,0.010782,1,-1.032500,0
2018-06-11,1696.9260,1700.1560,1682.0430,1687.2860,1700.6730,4511217664,59231365376.0000,3,0.008865,1,-0.787200,0
2018-06-12,1688.6370,1705.4280,1673.7790,1704.1660,1687.2860,4621239296,61999010816.0000,3,0.009077,1,1.000400,0
2018-06-13,1701.0200,1701.0590,1676.6930,1676.6930,1704.1660,4685483520,60790420224.0000,3,0.009203,1,-1.612100,0
2018-06-14,1671.4930,1687.7460,1662.8630,1666.7190,1676.6930,4474957568,57417830656.0000,3,0.008781,1,-0.594900,0
2018-06-15,1667.0970,1671.1400,1629.9730,1636.6230,1666.7190,5418085632,65641811968.0000,3,0.010625,1,-1.805700,0
2018-06-19,1609.9510,1617.1310,1531.8230,1546.9800,1636.6230,7393353728,86152400896.0000,3,0.014497,1,-5.477300,0
2018-06-20,1538.6260,1572.4250,1530.1000,1563.8040,1546.9800,5784843264,70365339648.0000,3,0.011334,1,1.087500,0
2018-06-21,1563.1250,1570.8690,1527.6700,1528.1660,1563.8040,5908090880,71041474560.0000,3,0.011559,1,-2.278900,0
2018-06-22,1518.0450,1552.9270,1507.3280,1549.6110,1528.1660,5117292800,58539570432.0000,3,0.009991,1,1.403300,0
2018-06-25,1561.3270,1564.8850,1537.0320,1537.4910,1549.6110,4842988800,57865660416.0000,3,0.009454,1,-0.782100,0
2018-06-26,1517.3010,1553.2310,1513.0890,1549.9180,1537.4910,5715016960,65080529920.0000,3,0.011150,1,0.808300,0
2018-06-27,1550.0270,1556.9950,1523.2340,1527.5870,1549.9180,5404699904,60881918720.0000,3,0.010528,1,-1.440800,0
2018-06-28,1523.7540,1542.9430,1512.1590,1513.6150,1527.5870,5157556480,59015425024.0000,3,0.010046,1,-0.914600,0
2018-06-29,1516.8890,1567.2300,1514.2290,1567.2300,1513.6150,6292531200,74164850688.0000,3,0.012254,1,3.542200,0
2018-07-02,1566.2350,1573.0540,1532.6540,1545.5230,1567.2300,6012800256,75063975936.0000,3,0.011674,1,-1.385100,0
2018-07-03,1545.9840,1559.1330,1509.9400,1556.1010,1545.5230,6645300736,86123683840.0000,3,0.013065,1,0.684400,0
2018-07-04,1548.5030,1549.6060,1518.6850,1524.2520,1556.1010,5509609216,68354258432.0000,3,0.010804,1,-2.046700,0
2018-07-05,1521.3180,1530.1820,1489.0450,1490.4220,1524.2520,5290930432,63528695552.0000,3,0.010375,1,-2.219400,0
2018-07-06,1492.3310,1521.2870,1469.2710,1498.2410,1490.4220,6465798144,79943462912.0000,3,0.012662,1,0.524600,0
2018-07-09,1504.3610,1537.9660,1504.3610,1537.9660,1498.2410,5758579456,73371963392.0000,3,0.011270,1,2.651400,0
2018-07-10,1541.1950,1548.5680,1533.8660,1547.9160,1537.9660,5412022272,68067522048.0000,3,0.010590,1,0.647000,0
2018-07-11,1519.5770,1530.2900,1499.2130,1519.2310,1547.9160,6246589440,75789959168.0000,3,0.012191,1,-1.853100,0
2018-07-12,1518.3670,1568.0990,1518.3670,1562.9970,1519.2310,7732017152,95198203904.0000,3,0.015087,1,2.880800,0
2018-07-13,1563.1520,1574.4010,1561.4150,1570.5080,1562.9970,6439532544,79796170752.0000,3,0.012562,1,0.480600,0
2018-07-16,1569.4890,1575.6360,1561.7340,1570.5980,1570.5080,5809276160,73277140992.0000,3,0.011305,1,0.005700,0
2018-07-17,1569.0250,1569.3950,1548.9860,1569.3950,1570.5980,5477181952,67976337664.0000,3,0.010642,1,-0.076600,0
2018-07-18,1570.4390,1577.9460,1555.8900,1555.8900,1569.3950,6183636992,74623557632.0000,3,0.011979,1,-0.860500,0
2018-07-19,1558.2270,1566.8900,1540.3350,1545.6910,1555.8900,5557653760,68286895104.0000,3,0.010767,1,-0.655500,0
2018-07-20,1545.6570,1567.4380,1535.0390,1563.8810,1545.6910,6458605824,77624934400.0000,3,0.012508,1,1.176800,0
2018-07-23,1554.6490,1575.1870,1550.0190,1575.1870,1563.8810,7242087424,92038467584.0000,3,0.014027,1,0.722900,0
2018-07-24,1573.7610,1596.5580,1569.2170,1592.4060,1575.1870,8271738368,101420310528.0000,3,0.016012,1,1.093100,0
2018-07-25,1593.8060,1604.1940,1588.7170,1594.2450,1592.4060,7298199552,90352074752.0000,3,0.014115,1,0.115500,0
2018-07-26,1594.5620,1596.7430,1569.0240,1572.8520,1594.2450,7504686080,82712494080.0000,3,0.014521,1,-1.341900,0
2018-07-27,1570.2150,1573.7000,1558.6460,1563.2940,1572.8520,5921984000,63833657088.0000,3,0.011454,1,-0.607700,0
2018-07-30,1560.6730,1563.8330,1530.9420,1537.4300,1563.2940,5775052288,68676392960.0000,3,0.011170,1,-1.654400,0
2018-07-31,1535.4500,1544.7120,1527.6750,1536.0380,1537.4300,4959782400,60571491072.0000,3,0.009592,1,-0.090500,0
2018-08-01,1540.2280,1548.6440,1511.7720,1511.7720,1536.0380,5576635904,67922246144.0000,3,0.010784,1,-1.579800,0
2018-08-02,1505.4450,1505.5420,1449.0270,1477.5080,1511.7720,7306303232,82909257728.0000,3,0.014128,1,-2.266500,0
2018-08-03,1475.6680,1483.4330,1449.3860,1449.3860,1477.5080,5211947776,61408845056.0000,3,0.010078,1,-1.903300,0
2018-08-06,1444.6860,1452.6070,1406.5000,1414.2560,1449.3860,5583227136,63889165056.0000,3,0.010792,1,-2.423800,0
2018-08-07,1417.8060,1451.9940,1405.0390,1451.9260,1414.2560,5774681600,66697524736.0000,3,0.011162,1,2.663600,0
2018-08-08,1448.0920,1450.6040,1420.8620,1421.9620,1451.9260,5573637376,62079027456.0000,3,0.010770,1,-2.063700,0
2018-08-09,1417.6570,1474.6660,1415.8510,1466.6010,1421.9620,6762694144,77816684544.0000,3,0.013046,1,3.139200,0
2018-08-10,1465.3220,1479.2850,1464.7570,1478.1520,1466.6010,5196215040,62436733184.0000,3,0.010018,1,0.787600,0
2018-08-13,1461.6030,1490.7940,1456.6930,1489.4820,1478.1520,5529257216,68687477504.0000,3,0.010655,1,0.766500,0
2018-08-14,1486.6980,1488.4280,1472.9460,1477.5700,1489.4820,4800627968,56132515840.0000,3,0.009251,1,-0.799700,0
2018-08-15,1477.9050,1478.3390,1440.5330,1444.1680,1477.5700,5152717312,59574013440.0000,3,0.009927,1,-2.260600,0
2018-08-16,1426.2630,1451.7430,1414.7510,1429.3720,1444.1680,5282481152,60615553792.0000,3,0.010174,1,-1.024500,0
2018-08-17,1441.2380,1445.5210,1401.3380,1404.0560,1429.3720,5471501312,61795696384.0000,3,0.010535,1,-1.771100,0
2018-08-20,1403.1240,1414.8890,1382.1700,1412.4920,1404.0560,5536122112,62929583872.0000,3,0.010659,1,0.600800,0
2018-08-21,1413.0780,1436.0290,1409.4210,1433.7120,1412.4920,5529863424,65880336128.0000,3,0.010639,1,1.502300,0
2018-08-22,1431.2950,1431.3350,1412.5460,1415.3920,1433.7120,4537805056,50396372480.0000,3,0.008731,1,-1.277800,0
2018-08-23,1414.1900,1432.4350,1412.3170,1426.5650,1415.3920,4921702144,56350136320.0000,3,0.009465,1,0.789400,0
2018-08-24,1424.0510,1431.9140,1416.3520,1422.1400,1426.5650,4613083648,51019064832.0000,3,0.008858,1,-0.310200,0
2018-08-27,1425.6860,1461.9760,1425.6860,1461.3080,1422.1400,6329004800,73357119488.0000,3,0.012152,1,2.754200,0
2018-08-28,1462.1510,1466.2030,1455.3150,1461.7400,1461.3080,5448767232,63660645632.0000,3,0.010452,1,0.029600,0
2018-08-29,1459.3310,1460.0380,1447.0540,1451.3790,1461.7400,5191123456,58703694336.0000,3,0.009934,1,-0.708800,0
2018-08-30,1449.4130,1454.8210,1429.7320,1431.0090,1451.3790,5172865280,58079095296.0000,3,0.009898,1,-1.403500,0
2018-08-31,1424.7610,1425.9760,1408.4950,1412.5940,1431.0090,4565928960,50909016320.0000,3,0.008739,1,-1.286900,0
2018-09-03,1409.3040,1413.4860,1391.3910,1412.8660,1412.5940,5258143488,56705634048.0000,3,0.010058,1,0.019300,0
2018-09-04,1411.6370,1432.9490,1408.0930,1429.4000,1412.8660,6150924032,67303958784.0000,3,0.011762,1,1.170200,0
2018-09-05,1424.6810,1430.0140,1407.6490,1407.6490,1429.4000,6028820992,61504691712.0000,3,0.011528,1,-1.521700,0
2018-09-06,1401.7950,1416.1800,1390.9210,1396.6890,1407.6490,5688334592,60489093120.0000,3,0.010876,1,-0.778600,0
2018-09-07,1399.4320,1420.0750,1385.4450,1394.0080,1396.6890,6189652736,67799326464.0000,3,0.011835,1,-0.191900,0
2018-09-10,1390.9480,1390.9480,1360.0180,1360.8830,1394.0080,5930181888,61326562560.0000,3,0.011335,1,-2.376200,0
2018-09-11,1359.9310,1372.3810,1352.7460,1364.5360,1360.8830,5022957824,50190890752.0000,3,0.009595,1,0.268400,0
2018-09-12,1363.5400,1371.3350,1351.2040,1354.6600,1364.5360,4977742080,54234530048.0000,3,0.009507,1,-0.723800,0
2018-09-13,1368.9570,1374.5510,1340.7960,1362.1190,1354.6600,5758215680,62866783488.0000,3,0.010997,1,0.550600,0
2018-09-14,1364.0800,1365.0470,1346.2200,1347.4500,1362.1190,5565035264,58531230976.0000,3,0.010628,1,-1.076900,0
2018-09-17,1340.0550,1340.0550,1322.2080,1326.8620,1347.4500,4845081344,47147139584.0000,3,0.009253,1,-1.527900,0
2018-09-18,1321.5750,1349.7650,1319.7340,1349.5100,1326.8620,5462400000,55225028864.0000,3,0.010432,1,1.706900,0
2018-09-19,1345.7130,1377.3010,1342.8620,1366.6580,1349.5100,6955974400,70358851584.0000,3,0.013282,1,1.270700,0
2018-09-20,1365.3460,1374.5050,1360.4820,1363.2350,1366.6580,6035074560,54703411968.0000,3,0.011499,1,-0.250500,0
2018-09-21,1367.1780,1389.6370,1358.3780,1387.8210,1363.2350,6775602432,66472893440.0000,3,0.012832,1,1.803500,0
2018-09-25,1377.6980,1389.2770,1373.6710,1382.4430,1387.8210,5077180672,50680813056.0000,3,0.009615,1,-0.387500,0
2018-09-26,1384.7270,1403.8290,1380.5340,1393.5740,1382.4430,6732849664,67191044352.0000,3,0.012745,1,0.805200,0
2018-09-27,1392.1270,1395.4510,1374.7970,1375.1490,1393.5740,7160264960,66349022208.0000,3,0.013552,1,-1.322100,0
2018-09-28,1377.7000,1386.2580,1370.1960,1386.2580,1375.1490,5737067264,57441688320.0000,3,0.010857,1,0.807800,0
2018-10-08,1358.3130,1361.6370,1328.9100,1329.8190,1386.2580,5796046592,59332107776.0000,3,0.010962,1,-4.071300,0
2018-10-09,1332.9770,1341.8120,1317.6580,1324.1040,1329.8190,4797464832,49364745984.0000,3,0.009060,1,-0.429800,0
2018-10-10,1326.6580,1330.4530,1306.9810,1318.9420,1324.1040,4710243840,49076846336.0000,3,0.008894,1,-0.389800,0
2018-10-11,1273.3970,1282.4320,1226.4020,1233.1370,1318.9420,7935848704,72331583488.0000,3,0.014985,1,-6.505600,0
2018-10-12,1223.8720,1241.6370,1195.5050,1234.5790,1233.1370,7466790912,65217386752.0000,3,0.014086,1,0.116900,0
2018-10-15,1237.9020,1249.2670,1216.6470,1218.7070,1234.5790,5438829824,49358175488.0000,3,0.010261,1,-1.285600,0
2018-10-16,1218.4810,1223.5870,1183.5060,1190.0390,1218.7070,5606392576,49632167936.0000,3,0.010568,1,-2.352300,0
2018-10-17,1204.9350,1210.3750,1174.2270,1202.7980,1190.0390,6177738496,56854314496.0000,3,0.011645,1,1.072200,0
2018-10-18,1193.2950,1196.6080,1171.6210,1173.1400,1202.7980,6091909376,51480931328.0000,3,0.011483,1,-2.465700,0
2018-10-19,1156.3950,1206.4660,1154.2490,1206.1040,1173.1400,7181064960,65033336064.0000,3,0.013536,1,2.809900,0
2018-10-22,1220.0760,1278.2780,1220.0370,1267.0700,1206.1040,9840052480,93864914944.0000,3,0.018535,1,5.054800,0
2018-10-23,1267.1320,1270.4090,1232.1120,1240.7350,1267.0700,8302250240,76492316672.0000,3,0.015632,1,-2.078400,0
2018-10-24,1233.3950,1250.3030,1225.8720,1233.5800,1240.7350,6668677376,60796987904.0000,3,0.012556,1,-0.576700,0
2018-10-25,1195.1110,1229.9090,1190.5620,1226.4650,1233.5800,6894319616,61066277888.0000,3,0.012980,1,-0.576800,0
2018-10-26,1235.8560,1240.7220,1216.2410,1221.0540,1226.4650,6229441792,55485230592.0000,3,0.011718,1,-0.441200,0
2018-10-29,1216.3210,1217.1700,1195.7480,1200.7460,1221.0540,5321540096,48907439104.0000,3,0.010010,1,-1.663200,0
2018-10-30,1195.4050,1219.2610,1176.5720,1206.8980,1200.7460,6858443264,62636274432.0000,3,0.012886,1,0.512300,0
2018-10-31,1209.2270,1231.5750,1207.4530,1224.2410,1206.8980,6604452608,57917156352.0000,3,0.012404,1,1.437000,0
2018-11-01,1238.1340,1258.4490,1236.7360,1237.7770,1224.2410,8525577216,80173940736.0000,3,0.015998,1,1.105700,0
2018-11-02,1268.3350,1289.7770,1263.5130,1289.7300,1237.7770,10264329472,100905201664.0000,3,0.019260,1,4.197300,0
2018-11-05,1285.8190,1300.5860,1268.7650,1288.3270,1289.7300,9707647488,90332946432.0000,3,0.018207,1,-0.108800,0
2018-11-06,1281.6230,1281.6230,1263.0750,1279.2470,1288.3270,7454768640,65444515072.0000,3,0.013972,1,-0.704800,0
2018-11-07,1277.1330,1292.1120,1271.7130,1272.5820,1279.2470,8086355968,72890830848.0000,3,0.015156,1,-0.521000,0
2018-11-08,1282.0090,1283.7660,1260.8290,1261.6560,1272.5820,7290996480,61952619776.0000,3,0.013665,1,-0.858600,0
2018-11-09,1253.6990,1266.1010,1249.9880,1256.9470,1261.6560,7437899008,60131884288.0000,3,0.013941,1,-0.373200,0
2018-11-12,1255.5330,1293.7840,1253.2530,1293.7840,1256.9470,9513615872,79120707584.0000,3,0.017831,1,2.930700,0
2018-11-13,1277.7710,1324.0040,1275.3440,1316.2780,1293.7840,13741758720,107183546368.0000,3,0.025754,1,1.738600,0
2018-11-14,1312.7220,1322.6750,1305.3080,1307.9880,1316.2780,11359337216,87304617984.0000,3,0.021288,1,-0.629800,0
2018-11-15,1304.3150,1324.5900,1303.8630,1324.5900,1307.9880,10048426752,83015712768.0000,3,0.018831,1,1.269300,0
2018-11-16,1324.3450,1340.1180,1316.9260,1331.8520,1324.5900,11446604032,103195381760.0000,3,0.021427,1,0.548300,0
2018-11-19,1328.9240,1333.2210,1316.9630,1331.7800,1331.8520,10463368960,89356472320.0000,3,0.019585,1,-0.005400,0
2018-11-20,1318.7430,1322.7830,1293.1040,1294.5430,1331.7800,10204195072,91373215744.0000,3,0.019002,1,-2.796000,0
2018-11-21,1279.0340,1301.5540,1277.4700,1300.7000,1294.5430,8601854464,73928433664.0000,3,0.016011,1,0.475600,0
2018-11-22,1304.2810,1310.0740,1294.2140,1299.8080,1300.7000,8300365056,67477491456.0000,3,0.015450,1,-0.068600,0
2018-11-23,1298.5590,1299.1530,1247.5320,1251.7670,1299.8080,9639019008,78710767616.0000,3,0.017934,1,-3.696000,0
2018-11-26,1249.8310,1259.4590,1241.4880,1247.5820,1251.7670,6273924608,53204401920.0000,3,0.011673,1,-0.334300,0
2018-11-27,1255.2370,1260.5440,1244.9940,1253.9850,1247.5820,6516367872,56427329280.0000,3,0.012124,1,0.513200,0
2018-11-28,1254.1960,1274.4160,1240.8170,1274.4160,1253.9850,8048424448,67767974144.0000,3,0.014974,1,1.629300,0
2018-11-29,1281.0340,1283.9400,1246.1460,1246.1460,1274.4160,7984400128,70497394688.0000,3,0.014846,1,-2.218300,0
2018-11-30,1242.9730,1262.5250,1234.6020,1260.9850,1246.1460,6948652032,60913942016.0000,3,0.012916,1,1.190800,0
2018-12-03,1297.9320,1310.1530,1288.5600,1305.0200,1260.9850,10413634560,98861146112.0000,3,0.019351,1,3.492100,0
2018-12-04,1302.0750,1310.5140,1298.2450,1310.4160,1305.0200,8026886912,71044788224.0000,3,0.014916,1,0.413500,0
2018-12-05,1287.5980,1314.8570,1284.2380,1308.5980,1310.4160,8403287552,76722642944.0000,3,0.015608,1,-0.138700,0
2018-12-06,1297.3640,1300.1860,1273.8100,1275.8920,1308.5980,7900206080,75253731328.0000,3,0.014673,1,-2.499300,0
2018-12-07,1276.3690,1281.2210,1270.3880,1274.2340,1275.8920,6188309248,58386354944.0000,3,0.011494,1,-0.129900,0
2018-12-10,1261.7680,1269.0180,1255.5490,1258.3870,1274.2340,6174725632,57938334208.0000,3,0.011468,1,-1.243700,0
2018-12-11,1261.3950,1268.3950,1258.8630,1268.3950,1258.3870,5863472128,53167013888.0000,3,0.010882,1,0.795300,0
2018-12-12,1273.6050,1275.3270,1264.5030,1268.1930,1268.3950,5905841664,51963134976.0000,3,0.010953,1,-0.015900,0
2018-12-13,1270.3570,1287.6320,1261.3650,1280.3380,1268.1930,7040378624,64897940224.0000,3,0.013051,1,0.957700,0
2018-12-14,1277.5210,1277.7390,1246.5320,1247.4930,1280.3380,7535970560,68440861952.0000,3,0.013971,1,-2.565300,0
2018-12-17,1240.6280,1243.9310,1226.0010,1238.9620,1247.4930,5818923776,53313526016.0000,3,0.010775,1,-0.683900,0
2018-12-18,1230.5050,1242.2610,1219.7050,1230.1910,1238.9620,5485362944,49700323840.0000,3,0.010151,1,-0.707900,0
2018-12-19,1231.6960,1232.6040,1206.9460,1209.2110,1230.1910,5099785472,46746629120.0000,3,0.009436,1,-1.705400,0
2018-12-20,1206.4200,1215.8360,1201.9100,1212.9870,1209.2110,5360492032,47753912064.0000,3,0.009916,1,0.312300,0
2018-12-21,1208.2150,1211.2370,1191.7560,1200.7990,1212.9870,6095476992,54211823872.0000,3,0.011277,1,-1.004800,0
2018-12-24,1198.2840,1213.3580,1194.6340,1213.1850,1200.7990,5341108480,47526578176.0000,3,0.009886,1,1.031500,0
2018-12-25,1199.0230,1208.8330,1176.2140,1204.4290,1213.1850,7279697664,60605244160.0000,3,0.013462,1,-0.721700,0
2018-12-26,1203.1630,1210.8290,1195.4330,1196.4520,1204.4290,5726099456,48368365312.0000,3,1.058057,1,-0.662300,0
2018-12-27,1215.0250,1216.9190,1180.8390,1180.9380,1196.4520,6656248320,57795198720.0000,3,1.229023,1,-1.296700,0
2018-12-28,1183.1770,1190.1740,1172.7950,1183.8790,1180.9380,5886319360,51513976576.0000,3,1.086840,1,0.249000,0
2019-01-02,1185.8700,1187.1550,1167.5940,1169.7810,1183.8790,5394398976,52654467840.0000,3,0.995773,1,-1.190800,0
2019-01-03,1167.0130,1179.5820,1155.8800,1156.5640,1169.7810,6213300992,57825095680.0000,3,1.169061,1,-1.129900,0
2019-01-04,1144.8360,1187.7040,1142.7820,1187.7040,1156.5640,8001265920,73169596416.0000,3,1.505074,1,2.692500,0
2019-01-07,1194.6010,1213.3850,1191.2460,1211.8380,1187.7040,8446455808,79674089472.0000,3,1.586788,1,2.032000,0
2019-01-08,1208.4590,1215.0830,1206.3960,1210.7740,1211.8380,7950247424,69596483584.0000,3,1.493568,1,-0.087800,0
2019-01-09,1212.9110,1233.1970,1208.1410,1214.8440,1210.7740,9339859712,84636880896.0000,3,1.754058,1,0.336100,0
2019-01-10,1215.1840,1223.3950,1209.7860,1212.3320,1214.8440,8098107136,69857280000.0000,3,1.520847,1,-0.206800,0
2019-01-11,1213.4900,1221.8470,1208.0890,1219.0020,1212.3320,7635681792,64132936704.0000,3,1.433972,1,0.550200,0
2019-01-14,1219.1850,1221.0400,1205.0590,1207.9050,1219.0020,7426569728,61425538816.0000,3,1.393750,1,-0.910300,0
2019-01-15,1205.8860,1227.1700,1202.5460,1226.8530,1207.9050,7877751808,69164064768.0000,3,1.477532,1,1.568700,0
2019-01-16,1226.7620,1234.4820,1222.1210,1224.7730,1226.8530,7767654144,68851290112.0000,3,1.456794,1,-0.169500,0
2019-01-17,1224.4860,1225.5340,1211.5910,1212.7560,1224.7730,7211406848,60589366016.0000,3,1.352288,1,-0.981200,0
2019-01-18,1214.8100,1227.7360,1210.2740,1227.5840,1212.7560,7594641920,66131134720.0000,3,1.424031,1,1.222700,0
2019-01-21,1229.4090,1241.9710,1226.4500,1236.0290,1227.5840,7290872576,68419646208.0000,3,1.365100,1,0.687900,0
2019-01-22,1234.5560,1234.5560,1213.9650,1218.1260,1236.0290,6640487424,59215762944.0000,3,1.241920,1,-1.448400,0
2019-01-23,1214.4050,1220.4580,1212.2340,1218.7890,1218.1260,5614843392,49802631424.0000,3,1.049917,1,0.054400,0
2019-01-24,1220.2990,1234.2460,1213.1760,1229.0500,1218.7890,7208541952,67070726400.0000,3,1.347048,1,0.841900,0
2019-01-25,1229.4000,1240.7120,1225.2000,1229.5340,1229.0500,7538442240,71332515840.0000,3,1.408649,1,0.039400,0
2019-01-28,1236.5880,1245.2420,1223.0330,1226.0850,1229.5340,7084017664,67356512000.0000,3,1.321840,1,-0.280500,0
2019-01-29,1223.2830,1223.2830,1192.8590,1210.5320,1226.0850,7283069696,65364825856.0000,3,1.358982,1,-1.268500,0
2019-01-30,1204.2260,1212.7800,1193.9800,1193.9800,1210.5320,5805548800,55391423488.0000,3,1.082825,1,-1.367300,0
2019-01-31,1193.1770,1205.5920,1180.3760,1187.5210,1193.9800,7679481856,66130635520.0000,3,1.433018,1,-0.541000,0
2019-02-01,1193.3520,1226.9280,1193.3520,1226.9270,1187.5210,7560925952,69606887424.0000,3,1.410997,1,3.318300,0
2019-02-11,1231.1070,1268.3300,1231.1070,1267.9290,1226.9270,8444695808,83649757184.0000,3,1.575893,1,3.341800,0
2019-02-12,1267.9370,1285.7460,1265.3220,1282.9320,1267.9290,9535140096,88257601536.0000,3,1.771852,1,1.183300,0
2019-02-13,1285.1050,1310.9520,1282.7470,1307.4810,1282.9320,11654133504,115006525440.0000,3,2.165594,1,1.913500,0
2019-02-14,1307.4320,1320.5010,1301.1370,1314.4440,1307.4810,9683367936,95798743040.0000,3,1.799382,1,0.532600,0
2019-02-15,1312.2500,1317.9190,1304.5610,1306.2480,1314.4440,10644506880,98067177472.0000,3,1.977983,1,-0.623500,0
2019-02-18,1315.5470,1359.4580,1315.5470,1359.4580,1306.2480,13838595072,130584408064.0000,3,2.570800,1,4.073500,0
2019-02-19,1364.8620,1373.9740,1342.8140,1358.7320,1359.4580,15490273024,145038225408.0000,3,2.877430,1,-0.053400,0
2019-02-20,1359.0870,1366.1450,1345.1050,1363.6540,1358.7320,12703980800,114947829760.0000,3,2.359856,1,0.362200,0
2019-02-21,1361.7460,1393.0030,1354.7720,1361.1840,1363.6540,15570008576,149468614656.0000,3,2.889467,1,-0.181100,0
2019-02-22,1357.7530,1396.7460,1355.0920,1396.7460,1361.1840,14994258176,146717892608.0000,3,2.782620,1,2.612600,0
2019-02-25,1420.8440,1470.8360,1416.9830,1470.7600,1396.7460,22589684224,233792622592.0000,3,4.192444,1,5.299000,0
2019-02-26,1475.6390,1501.2910,1458.9110,1470.0800,1470.7600,23589897984,246623813632.0000,3,4.377083,1,-0.046200,0
2019-02-27,1465.6060,1479.2230,1434.9070,1452.4390,1470.0800,18996375296,193050128384.0000,3,3.525223,1,-1.200000,0
2019-02-28,1452.0430,1471.2390,1449.2250,1460.6580,1452.4390,14712162560,149699592192.0000,3,2.730188,1,0.565900,0
2019-03-01,1474.4480,1479.3860,1452.3500,1476.1690,1460.6580,13612017408,144341807104.0000,3,2.525976,1,1.061900,0
2019-03-04,1495.2790,1541.9460,1493.9400,1513.3730,1476.1690,21160065792,235291869184.0000,3,3.925933,1,2.520300,0
2019-03-05,1510.0770,1556.9230,1504.9430,1556.9230,1513.3730,19761838592,210324312064.0000,3,3.665055,1,2.877700,0
2019-03-06,1566.8410,1580.7140,1545.4870,1579.5310,1556.9230,23923255552,251764662272.0000,3,4.436790,1,1.452100,0
2019-03-07,1578.7250,1601.3840,1557.2210,1583.4480,1579.5310,23955654912,258846023680.0000,3,4.442751,1,0.248000,0
2019-03-08,1544.5420,1602.7720,1528.1520,1540.7220,1583.4480,26441001216,284100452352.0000,3,4.903199,1,-2.698300,0
2019-03-11,1555.5000,1607.1500,1546.3760,1607.1500,1540.7220,21739024384,240029298688.0000,3,4.031293,1,4.311500,0
2019-03-12,1617.7590,1651.6620,1608.2020,1639.1510,1607.1500,25560612352,286648000512.0000,3,4.755797,1,1.991200,0
2019-03-13,1637.8080,1637.8080,1573.9720,1584.8870,1639.1510,22553938176,251742777344.0000,3,4.191947,1,-3.310500,0
2019-03-14,1570.0210,1584.4960,1526.7120,1545.1510,1584.8870,17411008768,191333752832.0000,3,3.236067,1,-2.507200,0
2019-03-15,1557.3500,1579.4840,1544.0960,1561.7820,1545.1510,14032315136,159147134976.0000,3,2.606885,1,1.076300,0
2019-03-18,1567.0800,1602.7920,1551.6130,1602.7920,1561.7820,14703998208,172120207360.0000,3,2.724953,1,2.625800,0
2019-03-19,1602.6320,1618.2520,1594.0850,1604.7630,1602.7920,14772986368,165588258816.0000,3,2.737738,1,0.123000,0
2019-03-20,1601.9420,1603.8260,1564.4260,1592.4640,1604.7630,15086126592,166208733184.0000,3,2.795563,1,-0.766400,0
2019-03-21,1592.4010,1617.6590,1587.6190,1607.5910,1592.4640,17398392064,188010733568.0000,3,3.223902,1,0.949900,0
2019-03-22,1606.5960,1610.1370,1574.7280,1607.4430,1607.5910,14747009536,165585694720.0000,3,2.732590,1,-0.009200,0
2019-03-25,1578.2310,1608.7780,1573.7750,1584.9440,1607.4430,14751616512,166065127424.0000,3,2.733488,1,-1.399700,0
2019-03-26,1593.2860,1598.5980,1544.7810,1548.4700,1584.9440,14901557248,164447105024.0000,3,2.757334,1,-2.301300,0
2019-03-27,1559.0880,1563.1640,1531.4350,1559.9140,1548.4700,12920458496,144406597632.0000,3,2.390024,1,0.739100,0
2019-03-28,1553.4730,1576.5870,1545.5660,1547.1090,1559.9140,12285284864,140725436416.0000,3,2.272705,1,-0.820900,0
2019-03-29,1549.0730,1602.8000,1543.2730,1602.8000,1547.1090,15333519360,180292571136.0000,3,2.836388,1,3.599700,0
2019-04-01,1615.7890,1666.1630,1615.7890,1665.2240,1602.8000,19544424960,234786275328.0000,3,3.607393,1,3.894700,0
2019-04-02,1675.7270,1682.0440,1659.6100,1665.9460,1665.2240,20185852160,240940748800.0000,3,3.720102,1,0.043400,0
2019-04-03,1656.8940,1678.6820,1649.7500,1677.2370,1665.9460,17144575744,197118001152.0000,3,3.159617,1,0.677800,0
2019-04-04,1683.4540,1689.8100,1666.7820,1682.7160,1677.2370,17376258304,206634164224.0000,3,3.200153,1,0.326700,0
2019-04-08,1695.4200,1699.8550,1641.5160,1661.6260,1682.7160,18523889152,221775355904.0000,3,3.411135,1,-1.253300,0
2019-04-09,1657.4340,1672.0960,1645.4650,1666.5840,1661.6260,15039534848,174768619520.0000,3,2.769400,1,0.298400,0
2019-04-10,1656.6610,1674.7060,1644.3240,1659.9110,1666.5840,16621071104,188274302976.0000,3,3.059724,1,-0.400400,0
2019-04-11,1659.2040,1663.9170,1620.4720,1621.4080,1659.9110,14874907136,168316354560.0000,3,2.738010,1,-2.319600,0
2019-04-12,1620.0570,1627.5220,1608.9950,1621.6000,1621.4080,12078874880,132445523968.0000,3,2.222133,1,0.011800,0
2019-04-15,1645.7780,1653.1420,1602.8270,1603.5010,1621.6000,13360311040,155975593984.0000,3,2.457796,1,-1.116100,0
2019-04-16,1594.2570,1637.4020,1580.5570,1637.4020,1603.5010,13774329600,161766100992.0000,3,2.532751,1,2.114200,0
2019-04-17,1639.3910,1661.5190,1637.7270,1650.6060,1637.4020,15178535680,179984932864.0000,3,2.790013,1,0.806400,0
2019-04-18,1648.8460,1653.3320,1636.1500,1638.6170,1650.6060,13458418176,149225955328.0000,3,2.472817,1,-0.726300,0
2019-04-19,1637.2170,1651.4400,1625.3980,1651.4400,1638.6170,13364350464,142248079360.0000,3,2.455491,1,0.782600,0
2019-04-22,1654.3670,1655.1130,1625.5200,1630.8260,1651.4400,14385599744,159912366080.0000,3,2.642347,1,-1.248200,0
2019-04-23,1630.0440,1632.1800,1604.6470,1608.3580,1630.8260,13491835904,148533739520.0000,3,2.475880,1,-1.377700,0
2019-04-24,1612.5510,1631.4560,1594.2880,1631.2770,1608.3580,12591186944,140566151168.0000,3,2.309558,1,1.425000,0
2019-04-25,1623.6370,1630.2750,1576.3790,1577.7200,1631.2770,14459990272,160214642688.0000,3,2.651409,1,-3.283100,0
2019-04-26,1567.5150,1580.7900,1555.6850,1556.2670,1577.7200,11870507008,132444147712.0000,3,2.176027,1,-1.359700,0
2019-04-29,1556.2310,1559.5190,1516.3340,1519.6230,1556.2670,12451244800,135533608960.0000,3,2.282091,1,-2.354600,0
2019-04-30,1514.3540,1538.8040,1513.9490,1528.6440,1519.6230,9161759744,102475440128.0000,3,1.679069,1,0.593600,0
2019-05-06,1466.9330,1472.1490,1402.4060,1411.1360,1528.6440,12393881600,132640780288.0000,3,2.270048,1,-7.687100,0
2019-05-07,1418.8080,1438.4920,1399.3430,1425.8920,1411.1360,10344641536,110647930880.0000,3,1.894379,1,1.045700,0
2019-05-08,1394.7960,1439.0040,1388.8250,1412.8860,1425.8920,9754306560,99740344320.0000,3,1.786236,1,-0.912100,0
2019-05-09,1399.3600,1417.4900,1393.8730,1395.9860,1412.8860,8068582400,84500140032.0000,3,1.476259,1,-1.196100,0
2019-05-10,1412.0080,1451.5150,1384.0990,1451.4370,1395.9860,11411255040,122962796544.0000,3,2.087788,1,3.972200,0
2019-05-13,1433.3450,1443.3440,1419.8870,1427.1370,1451.4370,9021995776,98323951616.0000,3,1.650657,1,-1.674200,0
2019-05-14,1410.8810,1433.7920,1409.8230,1417.1210,1427.1370,8688755712,93199835136.0000,3,1.589688,1,-0.701800,0
2019-05-15,1430.4520,1451.6740,1428.5820,1448.6080,1417.1210,9188827136,100318646272.0000,3,1.680856,1,2.221900,0
2019-05-16,1448.3330,1455.8230,1440.4050,1452.7340,1448.6080,9658296832,103446007808.0000,3,1.765225,1,0.284800,0
2019-05-17,1454.8830,1456.6410,1399.6780,1405.3990,1452.7340,11198858496,117733507072.0000,3,2.046323,1,-3.258300,0
2019-05-20,1404.4930,1406.7590,1372.4860,1393.8340,1405.3990,9205659136,98789064704.0000,3,1.680895,1,-0.822900,0
2019-05-21,1394.1800,1426.1150,1389.8770,1421.4010,1393.8340,9371933184,99823497216.0000,3,1.705577,1,1.977800,0
2019-05-22,1416.8070,1428.2600,1404.9290,1414.8800,1421.4010,9458863872,100646842368.0000,3,1.718950,1,-0.458800,0
2019-05-23,1409.7390,1409.7390,1373.6540,1377.4310,1414.8800,9543990784,102080716800.0000,3,1.730433,1,-2.646800,0
2019-05-24,1372.1910,1385.1700,1362.6030,1366.0470,1377.4310,8037658624,80805216256.0000,3,1.455875,1,-0.826500,0
2019-05-27,1368.6320,1409.2420,1362.6490,1406.1070,1366.0470,9434662656,99102650368.0000,3,1.708922,1,2.932600,0
2019-05-28,1407.7080,1420.9380,1399.5950,1412.8970,1406.1070,9207182336,97884848128.0000,3,1.667565,1,0.482900,0
2019-05-29,1404.6230,1421.0660,1401.2960,1410.8910,1412.8970,8290917888,85562339328.0000,3,1.501220,1,-0.142000,0
2019-05-30,1406.5860,1406.5970,1384.5590,1400.6900,1410.8910,8691364096,88238546944.0000,3,1.572686,1,-0.723000,0
2019-05-31,1400.8800,1413.6540,1393.3920,1399.2330,1400.6900,8473131264,84890345472.0000,3,1.531332,1,-0.104000,0
2019-06-03,1404.0900,1411.0920,1380.1120,1385.6930,1399.2330,9792670720,98266705920.0000,3,1.769275,1,-0.967700,0
2019-06-04,1384.3540,1387.8610,1360.0410,1368.2240,1385.6930,8279371776,88307478528.0000,3,1.495862,1,-1.260700,0
2019-06-05,1380.4420,1384.5090,1361.4930,1364.5330,1368.2240,7575503616,82566565888.0000,3,1.368627,1,-0.269800,0
2019-06-06,1362.8650,1362.8650,1327.9420,1332.4680,1364.5330,7913127424,80423108608.0000,3,1.428121,1,-2.349900,0
2019-06-10,1337.5530,1359.2900,1330.6550,1353.0460,1332.4680,7176198400,75063660544.0000,3,1.286175,1,1.544400,0
2019-06-11,1355.4760,1404.4910,1352.1300,1403.4620,1353.0460,10816064000,111931760640.0000,3,1.936894,1,3.726100,0
2019-06-12,1399.5560,1405.7990,1388.5600,1392.5630,1403.4620,9908040704,99059752960.0000,3,1.767112,1,-0.776600,0
2019-06-13,1391.9210,1400.6090,1383.0910,1397.3710,1392.5630,8945435904,88012832768.0000,3,1.594520,1,0.345300,0
2019-06-14,1397.7820,1402.7820,1370.3670,1371.5860,1397.3710,9307316736,91821555712.0000,3,1.658454,1,-1.845200,0
2019-06-17,1370.9620,1377.5510,1360.9940,1365.1970,1371.5860,6406061568,69421555712.0000,3,1.141471,1,-0.465800,0
2019-06-18,1365.9010,1375.8150,1357.4170,1370.9870,1365.1970,6069260288,65968680192.0000,3,1.098534,1,0.424100,0
2019-06-19,1410.3950,1415.7340,1390.6750,1391.0140,1370.9870,9420215296,110230753280.0000,3,1.703555,1,1.460800,0
2019-06-20,1390.1520,1424.0930,1383.4280,1416.1890,1391.0140,10245900288,114448797696.0000,3,1.852492,1,1.809800,0
2019-06-21,1428.5100,1443.0340,1427.2510,1436.6510,1416.1890,11218764800,127206494208.0000,3,2.028511,1,1.444900,0
2019-06-24,1437.7930,1439.6720,1425.7170,1432.7560,1436.6510,8547550720,95350079488.0000,3,1.545565,1,-0.271100,0
2019-06-25,1430.8290,1430.8390,1398.9970,1415.2600,1432.7560,8314078720,92882952192.0000,3,1.503056,1,-1.221100,0
2019-06-26,1407.5360,1426.5040,1403.8930,1419.8970,1415.2600,6474572288,80136646656.0000,3,1.169513,1,0.327600,0
2019-06-27,1424.6840,1443.1880,1424.6840,1439.5390,1419.8970,8154831872,101586694144.0000,3,1.472638,1,1.383300,0
2019-06-28,1439.0370,1439.0370,1415.4480,1424.9230,1439.5390,7335902720,83719884800.0000,3,1.324378,1,-1.015300,0
2019-07-01,1458.2620,1478.4270,1450.6330,1478.4270,1424.9230,11078195968,139025367040.0000,3,1.997937,1,3.754900,0
2019-07-02,1477.3130,1484.9520,1471.4520,1479.6140,1478.4270,9378308608,117984002048.0000,3,1.687405,1,0.080300,0
2019-07-03,1475.3720,1475.5350,1453.9560,1459.9840,1479.6140,7861388288,99611025408.0000,3,1.414447,1,-1.326700,0
2019-07-04,1462.4540,1465.7420,1441.6720,1448.2330,1459.9840,7001642752,85875011584.0000,3,1.257625,1,-0.804900,0
2019-07-05,1451.0110,1462.4340,1446.6880,1458.6690,1448.2330,6335103744,79577673728.0000,3,1.136820,1,0.720600,0
2019-07-08,1456.4380,1456.5610,1409.2090,1418.2400,1458.6690,8320239360,100111437824.0000,3,1.489535,1,-2.771600,0
2019-07-09,1416.7630,1425.9520,1408.2010,1422.7690,1418.2400,6136924928,77202898944.0000,3,1.098139,1,0.319300,0
2019-07-10,1426.1990,1427.6320,1409.7260,1414.5110,1422.7690,6019564032,73714483200.0000,3,1.076736,1,-0.580400,0
2019-07-11,1422.9520,1431.2710,1406.3440,1412.8630,1414.5110,6254361088,75307720704.0000,3,1.117130,1,-0.116500,0
2019-07-12,1413.9240,1422.7190,1405.2650,1417.5110,1412.8630,5915426048,71667736576.0000,3,1.054753,1,0.329000,0
2019-07-15,1412.3760,1443.9840,1393.8270,1436.7530,1417.5110,8158983680,101562109952.0000,3,1.455015,1,1.357500,0
2019-07-16,1434.0630,1439.5490,1431.1760,1435.6350,1436.7530,6407311616,79937949696.0000,3,1.142632,1,-0.077800,0
2019-07-17,1434.8040,1448.1470,1430.2510,1440.1720,1435.6350,7397123328,90315927552.0000,3,1.319807,1,0.316000,0
2019-07-18,1432.5350,1432.5350,1413.8000,1413.8000,1440.1720,7001151488,81124614144.0000,3,1.248024,1,-1.831200,0
2019-07-19,1418.2910,1435.5710,1418.2910,1424.1000,1413.8000,6370702336,76969807872.0000,3,1.134399,1,0.728500,0
2019-07-22,1428.1230,1428.5750,1395.4780,1402.5800,1424.1000,7073455104,84822933504.0000,3,1.259410,1,-1.511100,0
2019-07-23,1403.1030,1418.4290,1402.9050,1418.4290,1402.5800,5675516160,70532734976.0000,3,1.010409,1,1.130000,0
2019-07-24,1421.9620,1443.1800,1421.9620,1436.2410,1418.4290,7416273152,92412928000.0000,3,1.320314,1,1.255800,0
2019-07-25,1436.2150,1450.1440,1433.8260,1448.6370,1436.2410,7102415872,93117857792.0000,3,1.263878,1,0.863100,0
2019-07-26,1444.9040,1451.5210,1441.6490,1449.1970,1448.6370,5996009728,78779482112.0000,3,1.066969,1,0.038700,0
2019-07-29,1449.7200,1454.6530,1444.5000,1452.3060,1449.1970,6131724288,80088223744.0000,3,1.091126,1,0.214500,0
2019-07-30,1453.1230,1471.3580,1453.1230,1459.7190,1452.3060,7352774656,91301261312.0000,3,1.308140,1,0.510400,0
2019-07-31,1456.7580,1458.7490,1450.3780,1452.4580,1459.7190,6224201728,78322679808.0000,3,1.107355,1,-0.497400,0
2019-08-01,1444.6460,1455.0920,1440.7030,1448.3320,1452.4580,6608447232,85991788544.0000,3,1.175414,1,-0.284100,0
2019-08-02,1414.1740,1428.7060,1409.6810,1426.7410,1448.3320,7881714944,99874447360.0000,3,1.401813,1,-1.490800,0
2019-08-05,1422.3780,1435.6360,1405.0190,1405.0190,1426.7410,7258494208,93298724864.0000,3,1.290865,1,-1.522500,0
2019-08-06,1376.5850,1388.6310,1351.2800,1382.4720,1405.0190,9413066496,109388902400.0000,3,1.673913,1,-1.604700,0
2019-08-07,1393.1990,1395.8910,1374.9950,1374.9950,1382.4720,6633920000,82082824192.0000,3,1.178401,1,-0.540800,0
2019-08-08,1382.8200,1393.2890,1379.8970,1390.5870,1374.9950,6287625728,79575252992.0000,3,1.116815,1,1.134000,0
2019-08-09,1397.6190,1400.5060,1371.7170,1373.7910,1390.5870,6948167936,87890202624.0000,3,1.234096,1,-1.207800,0
2019-08-12,1376.3810,1404.9320,1372.1130,1404.9320,1373.7910,6956974848,88035377152.0000,3,1.235507,1,2.266800,0
2019-08-13,1392.9450,1399.2830,1386.2380,1392.2010,1404.9320,6267453696,79963062272.0000,3,1.112871,1,-0.906200,0
2019-08-14,1412.3530,1416.9480,1399.6180,1401.4500,1392.2010,7825154304,101351968768.0000,3,1.389488,1,0.664300,0
2019-08-15,1372.0880,1414.0690,1368.8860,1414.0690,1401.4500,8157082112,99601334272.0000,3,1.448165,1,0.900400,0
2019-08-16,1412.7800,1436.8060,1411.6390,1424.1840,1414.0690,8871446784,112841285632.0000,3,1.574789,1,0.715300,0
2019-08-19,1439.9960,1470.2940,1436.4160,1470.2940,1424.1840,12265868800,157517058048.0000,3,2.176009,1,3.237600,0
2019-08-20,1472.1690,1480.1940,1462.5760,1467.2160,1470.2940,11099390976,134707511296.0000,3,1.968673,1,-0.209300,0
2019-08-21,1463.5760,1473.1690,1460.4320,1466.7990,1467.2160,9348898304,114539532288.0000,3,1.658486,1,-0.028400,0
2019-08-22,1470.5120,1472.0810,1458.4990,1471.1210,1466.7990,9289119488,113990123520.0000,3,1.647013,1,0.294700,0
2019-08-23,1471.2420,1478.4000,1462.6640,1471.6730,1471.1210,9426640896,115612839936.0000,3,1.671308,1,0.037500,0
2019-08-26,1443.1490,1464.4210,1442.2340,1460.1490,1471.6730,9618682112,116529504256.0000,3,1.704294,1,-0.783000,0
2019-08-27,1470.0170,1500.5880,1469.8880,1488.8450,1460.1490,12069217024,147093807104.0000,3,2.138336,1,1.965300,0
2019-08-28,1488.5020,1491.2580,1478.2600,1484.7520,1488.8450,10765648384,124642750464.0000,3,1.908189,1,-0.274900,0
2019-08-29,1487.2910,1493.6940,1479.5910,1484.3500,1484.7520,10145785344,116166569984.0000,3,1.797827,1,-0.027100,0
2019-08-30,1492.5800,1497.2930,1462.3530,1470.1640,1484.3500,11066778112,138364866560.0000,3,1.960780,1,-0.955700,0
2019-09-02,1471.7760,1508.5690,1470.9430,1505.5270,1470.1640,10952987392,140185214976.0000,3,1.940377,1,2.405400,0
2019-09-03,1507.7480,1521.0610,1503.7870,1521.0610,1505.5270,11515542528,145755111424.0000,3,2.035326,1,1.031800,0
2019-09-04,1517.7800,1529.8570,1511.7390,1529.8570,1521.0610,12074546432,150167527424.0000,3,2.133863,1,0.578300,0
2019-09-05,1538.5920,1566.2570,1537.3430,1545.8200,1529.8570,15425508864,193853448192.0000,3,2.726024,1,1.043400,0
2019-09-06,1552.4910,1556.7290,1535.8340,1550.3400,1545.8200,11879394560,154523394048.0000,3,2.099334,1,0.292400,0
2019-09-09,1564.4500,1586.5780,1554.9690,1586.5780,1550.3400,14388848128,187818876928.0000,3,2.542806,1,2.337400,0
2019-09-10,1587.4470,1587.4470,1570.9650,1581.4110,1586.5780,13971576832,179205763072.0000,3,2.468977,1,-0.325700,0
2019-09-11,1585.4570,1588.7110,1561.4970,1563.5850,1581.4110,11400326912,150498590720.0000,3,2.014245,1,-1.127200,0
2019-09-12,1569.5760,1574.0940,1556.9720,1570.7750,1563.5850,9419474944,120566202368.0000,3,1.664231,1,0.459800,0
2019-09-16,1577.9230,1584.9710,1568.4930,1577.1540,1570.7750,11157101824,142305423360.0000,3,1.971221,1,0.406100,0
2019-09-17,1572.7010,1572.7010,1537.0870,1543.7930,1577.1540,11330824448,139498893312.0000,3,2.000474,1,-2.115300,0
2019-09-18,1547.1210,1552.8000,1535.2220,1546.7410,1543.7930,9390355456,118285127680.0000,3,1.653030,1,0.191000,0
2019-09-19,1550.8260,1567.0380,1543.9090,1567.0380,1546.7410,9767054080,126302060544.0000,3,1.719376,1,1.312200,0
2019-09-20,1569.7560,1577.0450,1562.9240,1570.9380,1567.0380,10272197376,139230367744.0000,3,1.803466,1,0.248900,0
2019-09-23,1565.5180,1565.5180,1544.3200,1557.9890,1570.9380,10073635072,135299022848.0000,3,1.764309,1,-0.824300,0
2019-09-24,1558.0810,1576.6130,1553.8360,1563.3270,1557.9890,11094730240,154613768192.0000,3,1.942414,1,0.342600,0
2019-09-25,1555.2060,1555.2060,1533.2160,1534.7870,1563.3270,10349247488,140859330560.0000,3,1.811821,1,-1.825600,0
2019-09-26,1539.1550,1541.3600,1492.3420,1493.0710,1534.7870,10476995072,139440553984.0000,3,1.834037,1,-2.718000,0
2019-09-27,1494.4200,1517.6260,1494.4200,1512.7870,1493.0710,7994175232,106194354176.0000,3,1.399079,1,1.320500,0
2019-09-30,1513.5820,1519.0430,1494.0820,1494.0820,1512.7870,6821199360,90951729152.0000,3,1.193776,1,-1.236500,0
2019-10-08,1498.3420,1507.3880,1488.1370,1489.7040,1494.0820,6927909888,94772051968.0000,3,1.212095,1,-0.293000,0
2019-10-09,1484.7330,1497.6350,1473.6070,1497.6350,1489.7040,6796094976,90510249984.0000,3,1.187047,1,0.532400,0
2019-10-10,1499.2650,1527.4450,1496.0890,1527.4060,1497.6350,8623862784,121365069824.0000,3,1.506321,1,1.987900,0
2019-10-11,1528.9290,1535.1130,1515.1270,1527.3830,1527.4060,8752398336,117612650496.0000,3,1.528767,1,-0.001500,0
2019-10-14,1540.7410,1554.9430,1536.4200,1547.8000,1527.3830,10364895488,133644369920.0000,3,1.809708,1,1.336700,0
2019-10-15,1540.9070,1540.9070,1521.1780,1522.9950,1547.8000,9308943616,118681505792.0000,3,1.624714,1,-1.602600,0
2019-10-16,1524.5490,1533.6880,1518.5270,1519.6630,1522.9950,8150117888,106685128704.0000,3,1.422461,1,-0.218800,0
2019-10-17,1521.4190,1526.9930,1518.7110,1523.8080,1519.6630,7426219776,95886262272.0000,3,1.294842,1,0.272800,0
2019-10-18,1526.2970,1534.9320,1505.2750,1508.6290,1523.8080,8477081856,104976314368.0000,3,1.477759,1,-0.996100,0
2019-10-21,1508.9300,1508.9300,1495.0170,1507.6400,1508.6290,7337262080,94728531968.0000,3,1.278980,1,-0.065600,0
2019-10-22,1511.2630,1526.0040,1510.0300,1526.0040,1507.6400,7377778176,96374075392.0000,3,1.286042,1,1.218100,0
2019-10-23,1526.4060,1527.1230,1509.4080,1512.5220,1526.0040,7397735168,91269201920.0000,3,1.289350,1,-0.883500,0
2019-10-24,1512.0650,1516.8100,1500.3940,1512.0370,1512.5220,7105488384,87336812544.0000,3,1.238357,1,-0.032100,0
2019-10-25,1512.2450,1531.2250,1504.9300,1529.8890,1512.0370,7899826688,102431453184.0000,3,1.376783,1,1.180700,0
2019-10-28,1542.8270,1560.4870,1541.9070,1560.4870,1529.8890,11921463296,147063447552.0000,3,2.077553,1,2.000000,0
2019-10-29,1560.4700,1560.4700,1544.5080,1544.5080,1560.4870,13070095360,149986877440.0000,3,2.272230,1,-1.024000,0
2019-10-30,1536.6130,1542.5510,1525.9830,1535.2690,1544.5080,10576619776,123601100800.0000,3,1.836822,1,-0.598200,0
2019-10-31,1535.5430,1539.1220,1519.9880,1521.3150,1535.2690,8969809408,112885600256.0000,3,1.557734,1,-0.908900,0
2019-11-01,1516.4870,1538.6430,1513.9170,1537.6150,1521.3150,8648164096,108865044480.0000,3,1.501876,1,1.071441,0
2019-11-04,1540.8880,1555.8270,1540.8880,1549.3380,1537.6150,9675977984,126857347072.0000,3,1.679887,1,0.762415,0
2019-11-05,1552.2930,1565.8290,1545.4870,1561.7760,1549.3380,9545810688,126145286144.0000,3,1.657288,1,0.802794,0
2019-11-06,1562.6280,1563.4540,1542.9650,1548.9940,1561.7760,9488939520,126009335808.0000,3,1.651813,1,-0.818427,0
2019-11-07,1545.8680,1563.6580,1543.9880,1559.8380,1548.9940,8539792384,110056099840.0000,3,1.482816,1,0.700067,0
2019-11-08,1569.8190,1576.1700,1556.1800,1556.8050,1559.8380,9719648256,126758625280.0000,3,1.687400,1,-0.194443,0
2019-11-11,1546.5390,1546.9590,1521.5090,1523.8390,1556.8050,8751065856,109412392960.0000,3,1.518223,1,-2.117542,0
2019-11-12,1524.9940,1529.2990,1505.9530,1525.1170,1523.8390,8006382336,98595864576.0000,3,1.389028,1,0.083867,0
2019-11-13,1524.7790,1530.7550,1517.0290,1527.6540,1525.1170,6990060800,91975622656.0000,3,1.212681,1,0.166348,0
2019-11-14,1526.5990,1543.2860,1524.7540,1539.1390,1527.6540,8117061632,108438081536.0000,3,1.408201,1,0.751806,0
2019-11-15,1536.9320,1543.8490,1521.3980,1521.3980,1539.1390,8415905536,111692087296.0000,3,1.459790,1,-1.152657,0
2019-11-18,1518.7690,1533.7210,1517.1860,1532.1660,1521.3980,7198177536,94668738560.0000,3,1.248527,1,0.707770,0
2019-11-19,1533.8660,1566.2510,1532.6490,1566.2510,1532.1660,8791746560,119584120832.0000,3,1.523300,1,2.224628,0
2019-11-20,1566.3860,1573.5780,1552.3980,1554.6060,1566.2510,9233576192,124232519680.0000,3,1.599847,1,-0.743495,0
2019-11-21,1548.2580,1559.6080,1544.1840,1551.2500,1554.6060,7917451520,98184577024.0000,3,1.371168,1,-0.215875,0
2019-11-22,1555.0050,1568.4910,1515.7650,1524.2550,1551.2500,10149139200,140963590144.0000,3,1.757544,1,-1.740210,0
2019-11-25,1523.8730,1525.9430,1498.7420,1508.7500,1524.2550,8362193408,110797189120.0000,3,1.448095,1,-1.017218,0
2019-11-26,1514.4240,1521.1560,1507.0970,1517.4420,1508.7500,7946904064,108027867136.0000,3,1.376179,1,0.576106,0
2019-11-27,1513.4990,1525.7550,1504.4500,1516.8600,1517.4420,8075608832,103325163520.0000,3,1.398467,1,-0.038354,0
2019-11-28,1515.8770,1521.5980,1508.3720,1512.5620,1516.8600,6855052288,85613363200.0000,3,1.187051,1,-0.283348,0
2019-11-29,1511.3200,1515.2600,1494.1190,1509.6560,1512.5620,6940732416,90746220544.0000,3,1.200897,1,-0.192124,0
2019-12-02,1512.5560,1521.3080,1509.3110,1513.4830,1509.6560,7112457216,91721891840.0000,3,1.230609,1,0.253501,0
2019-12-03,1507.7380,1519.3550,1496.4610,1519.3550,1513.4830,7000597760,92874887168.0000,3,1.211134,1,0.387979,0
2019-12-04,1511.5030,1525.7270,1509.8980,1520.3380,1519.3550,7188696576,96392110080.0000,3,1.243624,1,0.064699,0
2019-12-05,1525.9420,1548.3790,1523.6970,1545.0040,1520.3380,9220807168,127817371648.0000,3,1.595174,1,1.622402,0
2019-12-06,1545.7920,1559.5450,1542.5190,1559.5450,1545.0040,8946462720,118933143552.0000,3,1.547889,1,0.941163,0
2019-12-09,1564.2900,1564.7850,1553.0780,1556.8590,1559.5450,9957239296,131591880704.0000,3,1.721945,1,-0.172230,0
2019-12-10,1552.8330,1566.0230,1547.3690,1566.0230,1556.8590,10225452800,131244556288.0000,3,1.767161,1,0.588621,0
2019-12-11,1563.6620,1568.2770,1550.9640,1555.3480,1566.0230,9955042048,127884443648.0000,3,1.718911,1,-0.681663,0
2019-12-12,1555.8820,1564.6620,1551.9450,1554.4950,1555.3480,9574611712,123370254336.0000,3,1.653170,1,-0.054843,0
2019-12-13,1568.9790,1583.1130,1562.8460,1581.5050,1554.4950,11138954240,153793986560.0000,3,1.923020,1,1.737542,0
2019-12-16,1587.3520,1609.5650,1583.7290,1609.5650,1581.5050,12968809216,178034020352.0000,3,2.238613,1,1.774259,0
2019-12-17,1610.2050,1634.6350,1608.8100,1629.8080,1609.5650,15061159680,202052915200.0000,3,2.672108,1,1.257669,0
2019-12-18,1627.8820,1638.2560,1623.5570,1628.8880,1629.8080,13895374336,179570438144.0000,3,2.465230,1,-0.056448,0
2019-12-19,1629.2410,1631.5810,1618.5570,1626.5690,1628.8880,11935019776,151097761792.0000,3,2.117324,1,-0.142367,0
2019-12-20,1627.8250,1633.7570,1612.1110,1612.1110,1626.5690,12086096896,147275816960.0000,3,2.144114,1,-0.888865,0
2019-12-23,1604.3970,1611.9980,1580.4640,1581.2860,1612.1110,10749270528,139677257728.0000,3,1.854686,1,-1.912089,0
2019-12-24,1585.2120,1608.5180,1584.0410,1608.5180,1581.2860,9232796672,122159112192.0000,3,1.637135,1,1.722143,0
2019-12-25,1606.1030,1623.7660,1604.9890,1619.2990,1608.5180,10657939200,144385826816.0000,3,1.884576,1,0.670244,0
2019-12-26,1619.6720,1628.1240,1614.5770,1628.1240,1619.2990,9993773824,131814547456.0000,3,1.766868,1,0.544989,0
2019-12-27,1630.1970,1638.3660,1611.1220,1612.0740,1628.1240,12541083648,165609701376.0000,3,2.215837,1,-0.985797,0
2019-12-30,1606.3730,1627.7550,1591.0010,1627.7550,1612.0740,11336207104,150701187072.0000,3,1.943740,1,0.972722,0
2019-12-31,1627.4230,1639.8740,1626.2910,1639.4700,1627.7550,10049161216,137290461184.0000,3,1.771046,1,0.719703,0
2020-01-02,1651.4350,1679.9520,1642.6450,1676.9430,1639.4700,14594842880,194780807168.0000,3,2.570857,1,2.285678,0
2020-01-03,1680.1740,1686.9810,1670.6960,1682.5180,1676.9430,13213614848,176122314752.0000,3,2.327556,1,0.332450,0
2020-01-06,1674.2040,1716.2290,1671.0910,1700.8910,1682.5180,16142654976,222149296128.0000,3,2.844891,1,1.091994,0
2020-01-07,1704.9240,1724.7610,1704.9240,1724.7610,1700.8910,14961369344,199836479488.0000,3,0.000000,1,1.403382,0
2020-01-08,1715.0780,1726.2060,1697.4860,1700.9560,1724.7610,15943277824,206135431168.0000,3,2.796537,1,-1.380191,0
2020-01-09,1716.8480,1735.5920,1716.8480,1735.5920,1700.9560,14732208896,198254256128.0000,3,2.584027,1,2.036267,0
2020-01-10,1740.2910,1741.1080,1721.9650,1730.9200,1735.5920,12700253184,175216742400.0000,3,2.227606,1,-0.269188,0
2020-01-13,1733.3830,1761.6580,1725.0530,1761.6580,1730.9200,13372143872,193173028864.0000,3,2.281337,1,1.775819,0
2020-01-14,1769.0230,1771.8090,1754.9160,1755.6880,1761.6580,13894181120,194440712192.0000,3,2.434651,1,-0.338885,0
2020-01-15,1753.6910,1759.5560,1737.5180,1757.7100,1755.6880,12352835584,171088941056.0000,3,2.164394,1,0.115169,0
2020-01-16,1757.7450,1765.9870,1752.5470,1759.3750,1757.7100,12393346304,173436588032.0000,3,2.171396,1,0.094726,0
2020-01-17,1762.9410,1769.6440,1750.0550,1754.3680,1759.3750,11773433856,165245108224.0000,3,2.061932,1,-0.284590,0
2020-01-20,1757.7710,1789.6920,1754.0330,1789.6920,1754.3680,12767498752,198803607552.0000,3,2.175190,1,2.013489,0
2020-01-21,1785.2260,1789.6210,1769.0120,1772.3580,1789.6920,12649289216,189445386240.0000,3,2.213604,1,-0.968547,0
2020-01-22,1762.6290,1802.0430,1740.0070,1796.9670,1772.3580,13680454912,212504240128.0000,3,2.391522,1,1.388489,0
2020-01-23,1776.8290,1796.4160,1714.1860,1735.4620,1796.9670,15524176384,238593118208.0000,3,2.713709,1,-3.422712,0
2020-02-03,1581.2840,1618.2540,1581.2840,1593.9880,1735.4620,7884866816,141592330240.0000,3,1.334500,1,-8.151950,0
2020-02-04,1556.0700,1648.6020,1556.0700,1645.7310,1593.9880,19281967616,261897158656.0000,3,3.348886,1,3.246135,0
2020-02-05,1660.3400,1713.1780,1658.6520,1688.4940,1645.7310,17842782208,269106225152.0000,3,3.098936,1,2.598420,0
2020-02-06,1685.6960,1748.8770,1673.6190,1743.9440,1688.4940,19025916672,286143561728.0000,3,3.304422,1,3.283992,0
2020-02-07,1741.0720,1755.7410,1716.0900,1749.2750,1743.9440,18924317184,280659898368.0000,3,3.285963,1,0.305686,0
2020-02-10,1746.8510,1768.3340,1738.8600,1768.2780,1749.2750,17586879232,262002434048.0000,3,2.973243,1,1.086336,0
2020-02-11,1770.4730,1780.0450,1749.8850,1766.0630,1768.2780,15360259840,229937684480.0000,3,2.666934,1,-0.125263,0
2020-02-12,1760.5510,1806.3170,1759.1850,1805.4530,1766.0630,16336141056,244979744768.0000,3,2.836555,1,2.230385,0
2020-02-13,1805.1350,1813.0620,1782.9780,1790.5200,1805.4530,17331917824,262264889344.0000,3,3.009404,1,-0.827105,0
2020-02-14,1789.3500,1821.3230,1781.3070,1797.9250,1790.5200,15835169024,251229253632.0000,3,2.745890,1,0.413567,0
2020-02-17,1811.4250,1859.4020,1811.4250,1859.4020,1797.9250,17942999808,275089829888.0000,3,3.029491,1,3.419331,0
2020-02-18,1860.9420,1881.0760,1847.1510,1881.0760,1859.4020,18754248704,289266802688.0000,3,3.252069,1,1.165644,0
2020-02-19,1880.4220,1893.3700,1862.8820,1863.2120,1881.0760,19634849280,313563402240.0000,3,3.403517,1,-0.949669,0
2020-02-20,1871.2630,1907.8010,1862.4660,1905.6270,1863.2120,19565356288,307790151680.0000,3,3.391530,1,2.276445,0
2020-02-21,1905.8020,1953.6260,1903.7260,1937.7270,1905.6270,21919656960,348076810240.0000,3,3.799203,1,1.684485,0
2020-02-24,1935.2400,1980.8900,1928.8540,1973.4060,1937.7270,22976413440,370768596992.0000,3,3.876363,1,1.841281,0
2020-02-25,1930.8160,1998.9370,1895.8070,1995.2210,1973.4060,27110034176,440856064000.0000,3,4.696580,1,1.105449,0
2020-02-26,1965.1970,1974.5970,1906.9740,1914.4610,1995.2210,25241594624,394013474816.0000,3,4.371946,1,-4.047672,0
2020-02-27,1926.7090,1950.1300,1890.7430,1919.6500,1914.4610,20960065024,318435864576.0000,3,3.630258,1,0.271042,0
2020-02-28,1849.0420,1885.6820,1814.3240,1817.1490,1919.6500,22693453056,339564490752.0000,3,3.926982,1,-5.339567,0
2020-03-02,1844.3620,1894.3470,1826.3560,1880.7890,1817.1490,19500448768,302467796992.0000,3,3.374387,1,3.502189,0
2020-03-03,1920.9580,1953.2600,1884.6410,1903.5260,1880.7890,21800588032,342407057408.0000,3,3.771012,1,1.208908,0
2020-03-04,1890.5150,1907.4350,1858.7190,1899.1080,1903.5260,18060987648,278359384064.0000,3,3.124145,1,-0.232096,0
2020-03-05,1927.9870,1932.4720,1901.0380,1927.3800,1899.1080,20483514112,310350655488.0000,3,3.543169,1,1.488699,0
2020-03-06,1901.2350,1931.8960,1898.4080,1913.4890,1927.3800,17775707392,248186867712.0000,3,3.074782,1,-0.720719,0
2020-03-09,1878.4467,1888.1108,1826.9921,1828.0196,1913.4894,21158380738,299350502641.0300,3,3.659129,1,-4.466698,0
2020-03-10,1810.6026,1879.9344,1793.3837,1879.6211,1828.0196,20574343795,300166793388.7800,3,3.557711,1,2.822809,0
2020-03-11,1887.0013,1891.7190,1842.9226,1843.3861,1879.6211,18249033802,266032417462.5900,3,3.154262,1,-1.927782,0
2020-03-12,1813.2910,1823.0934,1782.9648,1800.8007,1843.3861,15633990924,226777211475.2800,3,2.700878,1,-2.310173,0
2020-03-13,1704.8179,1807.3791,1704.8179,1787.3626,1800.4281,19217102066,268038321678.7200,3,3.314985,1,-0.725689,0
2020-03-16,1797.0923,1797.0923,1678.8860,1685.8140,1787.3626,19297412927,279151722432.3900,3,3.328686,1,-5.681477,0
2020-03-17,1707.2494,1722.5917,1625.0853,1685.3098,1685.8140,16530199525,231335839881.0500,3,2.851479,1,-0.029908,0
2020-03-18,1704.4127,1740.5839,1661.5388,1661.5388,1685.3098,17234970177,244343180986.2800,3,2.971989,1,-1.410483,0
2020-03-19,1665.9117,1684.7142,1622.8871,1674.2324,1661.5388,16243349451,230282708099.8500,3,2.801072,1,0.763967,0
2020-03-20,1697.4852,1701.7769,1659.7571,1688.7168,1674.2324,13690389108,199831829481.4500,3,2.359294,1,0.865137,0
2020-03-23,1636.1951,1654.7911,1601.5200,1606.9590,1688.7168,14052568464,196950559348.4300,3,2.421104,1,-4.841416,0
2020-03-24,1641.9633,1646.1379,1588.0033,1639.7304,1606.9590,14880234439,201047252210.6500,3,2.563702,1,2.039343,0
2020-03-25,1680.3292,1692.5987,1671.1626,1691.1379,1639.7304,15545280129,216450363368.5400,3,2.676819,1,3.135119,0
2020-03-26,1677.7742,1698.3516,1669.6053,1676.9727,1691.1379,13975478820,182362713184.1100,3,2.407831,1,-0.837614,0
2020-03-27,1700.0314,1701.5996,1659.5780,1660.6072,1676.9727,12209931579,170744669623.4700,3,2.095728,1,-0.975895,0
2020-03-30,1634.8448,1636.8853,1600.9648,1621.9969,1660.6072,12877021300,179089568272.0800,3,2.211934,1,-2.325071,0
2020-03-31,1638.6557,1646.8662,1626.4034,1633.8191,1621.9969,11276451316,155368155396.7400,3,1.936097,1,0.728867,0
2020-04-01,1633.9856,1661.0124,1625.9914,1630.9404,1633.8191,12152541240,171655261850.6900,3,2.086448,1,-0.176195,0
2020-04-02,1625.6707,1676.1467,1624.5876,1676.1467,1630.9404,12370699434,179976565806.7500,3,2.121564,1,2.771794,0
2020-04-03,1672.0206,1683.4160,1657.2841,1664.0967,1676.1467,11438432028,166807648273.1000,3,1.960508,1,-0.718911,0
2020-04-07,1698.9708,1723.1955,1695.8929,1721.4647,1664.0967,14067973296,202915899493.5300,3,2.411096,1,3.447396,0
2020-04-08,1713.0085,1725.3339,1709.9078,1717.9836,1721.4647,13670150283,185627918722.5700,3,2.341827,1,-0.202217,0
2020-04-09,1729.7615,1741.2027,1722.3541,1736.7777,1717.9836,12977972899,184315939407.9700,3,2.223252,1,1.093963,0
2020-04-10,1735.1302,1735.1302,1689.9932,1695.5345,1736.7777,13934669568,190513425039.1000,3,2.387121,1,-2.374697,0
2020-04-13,1679.4778,1686.2644,1666.1214,1673.8403,1695.5345,10822689060,140965848028.0100,3,1.853483,1,-1.279490,0
2020-04-14,1687.0100,1724.1105,1684.5332,1724.1105,1673.8403,12488703351,180323865381.8200,3,2.138804,1,3.003285,0
2020-04-15,1725.7145,1738.6949,1716.7218,1718.2683,1724.1105,14016475913,195533379620.9300,3,2.398503,1,-0.338853,0
2020-04-16,1709.6658,1739.1260,1706.9853,1735.2351,1718.2683,12827630856,173939688037.7800,3,2.195026,1,0.987436,0
2020-04-17,1752.0278,1764.3986,1739.9467,1743.3349,1735.2351,15778414131,230871111616.2300,3,2.699777,1,0.466784,0
2020-04-20,1747.2293,1764.5792,1743.1212,1764.5792,1743.3349,13586330134,186466708566.0000,3,2.323223,1,1.218601,0
2020-04-21,1756.6139,1756.6139,1726.6063,1748.0767,1764.5792,14007217414,194046945666.4100,3,2.396206,1,-0.935209,0
2020-04-22,1731.7920,1765.1841,1729.1197,1765.1841,1748.0767,12653121838,170758694020.9100,3,2.163490,1,0.978641,0
2020-04-23,1772.0539,1774.0054,1750.9090,1751.8465,1765.1841,14406918359,191440608896.7400,3,2.463258,1,-0.755593,0
2020-04-24,1751.3608,1754.4983,1718.1686,1724.2471,1751.8465,13590517570,173009161680.5200,3,2.323481,1,-1.575446,0
2020-04-27,1729.7334,1744.6345,1714.1574,1729.9963,1724.2471,11723589179,153400288221.8400,3,2.003231,1,0.333432,0
2020-04-28,1733.2260,1743.0646,1677.3823,1733.4057,1729.9963,14571575215,192863115077.3200,3,2.481855,1,0.197076,0
2020-04-29,1726.4220,1748.9553,1725.0785,1733.3421,1733.4057,11312602689,147834525455.1300,3,1.926312,1,-0.003669,0
2020-04-30,1745.8229,1779.9566,1745.8229,1773.4543,1733.3421,14027801262,203627095444.7000,3,2.387143,1,2.314154,0
2020-05-06,1757.9839,1808.6750,1756.9008,1808.3364,1773.4543,14556478111,213929343523.7900,3,2.475910,1,1.966902,0
2020-05-07,1812.2134,1817.4662,1799.7027,1804.5605,1808.3364,14148021524,194247091454.0500,3,2.406289,1,-0.208805,0
2020-05-08,1814.7923,1831.9693,1811.5119,1822.0530,1804.5605,13754264580,193697475628.9100,3,2.339264,1,0.969350,0
2020-05-11,1831.1791,1833.1607,1798.8452,1810.6932,1822.0530,13772521467,201554329618.0100,3,2.341979,1,-0.623462,0
2020-05-12,1810.2730,1821.4666,1792.5499,1820.8034,1810.6932,11985181558,174080766181.0100,3,2.042732,1,0.558361,0
2020-05-13,1814.9015,1838.0942,1811.8329,1834.1125,1820.8034,11536362653,175765755401.7200,3,1.966151,1,0.730947,0
2020-05-14,1824.9982,1831.2220,1812.7407,1813.6818,1834.1125,12748418181,178925483014.7800,3,2.172092,1,-1.113928,0
2020-05-15,1822.2839,1831.8646,1809.1104,1817.8674,1813.6818,11985293615,183315225208.1400,3,2.041753,1,0.230779,0
2020-05-18,1817.5494,1823.0324,1793.8416,1803.3038,1817.8674,13917920992,215813090419.0900,3,2.365138,1,-0.801137,0
2020-05-19,1819.4880,1831.8240,1815.5737,1831.8240,1803.3038,11950245120,186448630346.2900,3,2.035514,1,1.581553,0
2020-05-20,1833.4643,1834.3218,1804.6600,1810.8732,1831.8240,13170506100,201906588322.4400,3,2.243364,1,-1.143712,0
2020-05-21,1819.0174,1820.6051,1785.2535,1789.3839,1810.8732,12015009509,180178119961.3900,3,2.045232,1,-1.186682,0
2020-05-22,1789.0304,1789.0304,1742.5767,1752.1231,1789.3839,10811427156,158921891950.1100,3,1.836452,1,-2.082326,0
2020-05-25,1750.4162,1755.2124,1737.6501,1748.2742,1752.1231,8668679750,131451610024.7100,3,1.471140,1,-0.219671,0
2020-05-26,1759.3030,1792.7297,1758.1390,1792.7297,1748.2742,9563481570,148081511281.2200,3,1.622973,1,2.542822,0
2020-05-27,1794.8418,1794.8418,1764.6172,1769.2158,1792.7297,10630407737,159832506359.3900,3,1.801809,1,-1.311626,0
2020-05-28,1767.6019,1773.2273,1731.1320,1759.7566,1769.2158,10877945903,154790867745.5100,3,1.840770,1,-0.534655,0
2020-05-29,1753.5355,1783.4870,1749.0496,1779.5969,1759.7566,10614208271,156985095800.0000,3,1.796140,1,1.127446,0
2020-06-01,1795.0900,1843.9965,1795.0900,1841.1130,1779.5969,14593380295,214434773181.6400,3,2.464185,1,3.456743,0
2020-06-02,1848.1673,1848.2539,1830.7930,1839.2766,1841.1130,15511556712,226278586338.3900,3,2.617673,1,-0.099744,0
2020-06-03,1844.7047,1860.9932,1837.0137,1842.9012,1839.2766,15389793199,224866156902.9500,3,2.594537,1,0.197067,0
2020-06-04,1847.1611,1852.0182,1835.4672,1845.9162,1842.9012,12652593368,179811906973.5900,3,2.129394,1,0.163601,0
2020-06-05,1848.0924,1853.8457,1837.3490,1853.8457,1845.9162,11896239803,166453736572.2700,3,1.998827,1,0.429570,0
2020-06-08,1867.0978,1872.1023,1845.5793,1848.9798,1853.8457,11886952445,183239092813.0300,3,1.996971,1,-0.262476,0
2020-06-09,1853.5801,1868.0291,1843.6766,1866.1446,1848.9798,11869848202,173066645248.7000,3,1.990279,1,0.928339,0
2020-06-10,1867.2527,1877.7941,1861.4136,1876.2809,1866.1446,11053720169,173885026184.2900,3,1.853435,1,0.543168,0
2020-06-11,1877.5181,1897.9711,1857.5263,1867.4685,1876.2809,13309070026,213559206426.2900,3,2.230253,1,-0.469674,0
2020-06-12,1828.6024,1881.0171,1826.0806,1871.0812,1867.4685,13320781587,211226862947.3500,3,2.228925,1,0.193454,0
2020-06-15,1875.2550,1898.9445,1871.4888,1871.4888,1871.0812,14463732182,231714170686.4400,3,2.417473,1,0.021784,0
2020-06-16,1891.9315,1907.7922,1886.8018,1907.7922,1871.4888,13168204076,214164986004.6200,3,2.248225,1,1.939814,0
2020-06-17,1913.0031,1915.4640,1898.2465,1915.4640,1907.7922,13914450975,219472799543.2400,3,2.374614,1,0.402130,0
2020-06-18,1914.8628,1923.9568,1906.4374,1922.0588,1915.4640,14104404555,229252381963.8800,3,2.400405,1,0.344293,0
2020-06-19,1924.1093,1955.7411,1923.0613,1950.4522,1922.0588,13374960075,228325807389.3500,3,2.275810,1,1.477239,0
2020-06-22,1956.4430,1973.0939,1956.4430,1965.4326,1950.4522,14329642152,243793538407.3500,3,2.387010,1,0.768048,0
2020-06-23,1968.1196,1985.5625,1957.0460,1985.4224,1965.4326,13263846318,227352816557.2300,3,2.254600,1,1.017069,0
2020-06-24,1988.0418,1995.4090,1976.6544,1985.4240,1985.4224,12027426452,219828808713.9200,3,2.043904,1,0.000081,0
2020-06-29,1981.1649,1988.2624,1967.3397,1976.6949,1985.4240,12798088971,217307520813.0700,3,2.128033,1,-0.439659,0
2020-06-30,1991.0739,2027.9536,1990.2079,2024.5555,1976.6949,12664955190,230009573446.8400,3,2.147104,1,2.421244,0
2020-07-01,2032.8255,2035.4705,1998.4135,2028.4971,2024.5555,15060597274,262954395653.9900,3,2.552301,1,0.194690,0
2020-07-02,2028.4107,2047.6046,2015.9215,2044.1293,2028.4971,18756560069,295622851915.9100,3,3.178569,1,0.770630,0
2020-07-03,2047.2116,2071.5071,2034.4764,2070.3983,2044.1293,19397195961,313797979943.3900,3,3.285894,1,1.285095,0
2020-07-06,2082.0106,2148.5811,2081.7632,2146.2876,2070.3983,24972904794,402824863638.4400,3,4.134610,1,3.665444,0
2020-07-07,2169.0635,2230.9092,2156.5082,2192.1313,2146.2876,27063018784,450966506187.2700,3,4.574383,1,2.135953,0
2020-07-08,2195.7867,2239.5922,2177.4523,2238.2168,2192.1313,24047571094,401259799249.7600,3,4.063058,1,2.102315,0
2020-07-09,2236.4356,2319.5741,2234.6011,2309.7723,2238.2168,27582619247,472055424230.5200,3,4.660452,1,3.196987,0
2020-07-10,2296.3414,2331.1552,2285.5703,2306.2700,2309.7723,25591223702,441017272663.8300,3,4.322138,1,-0.151630,0
2020-07-13,2316.6784,2397.4848,2316.6784,2397.4848,2306.2700,26061790763,462786337332.1600,3,4.399847,1,3.955079,0
2020-07-14,2391.0742,2398.0507,2315.1279,2368.6252,2397.4848,27354976667,497934940072.5100,3,4.611313,1,-1.203745,0
2020-07-15,2372.4785,2382.3024,2298.3903,2312.6911,2368.6252,24433264360,439895701192.6700,3,4.116946,1,-2.361458,0
2020-07-16,2313.7956,2334.9590,2178.4812,2183.9796,2312.6911,22313104644,406199862467.2400,3,3.758642,1,-5.565443,0
2020-07-17,2189.7438,2243.0231,2170.5409,2203.0515,2183.9796,17287147336,311448150281.7800,3,2.911914,1,0.873264,0
2020-07-20,2241.0879,2252.5010,2187.6922,2252.5010,2203.0515,17629085111,316109963828.8900,3,2.968804,1,2.244591,0
2020-07-21,2257.7809,2277.8721,2242.7375,2270.2803,2252.5010,16153073175,289776362381.6600,3,2.719609,1,0.789314,0
2020-07-22,2265.5607,2320.0814,2256.6495,2294.5127,2270.2803,17698099574,311428017227.5300,3,2.976450,1,1.067375,0
2020-07-23,2270.0602,2302.2265,2230.3566,2298.8569,2294.5127,18982622006,338680940468.2300,3,3.192046,1,0.189330,0
2020-07-24,2279.7075,2289.9376,2160.1866,2169.8447,2298.8569,20719290455,368222165511.9700,3,3.484000,1,-5.612015,0
2020-07-27,2181.7425,2199.7202,2154.5618,2176.4490,2169.8447,14587708030,261475202076.5200,3,2.451758,1,0.304367,0
2020-07-28,2201.1470,2212.6649,2181.8909,2206.6322,2176.4490,13946407374,247271177580.8000,3,2.343898,1,1.386809,0
2020-07-29,2200.3435,2279.1417,2194.1724,2279.1417,2206.6322,16243358263,291164583019.4500,3,2.730475,1,3.285980,0
2020-07-30,2287.9727,2289.1376,2258.3997,2264.8427,2279.1417,17611729274,294186694281.6400,3,2.960631,1,-0.627385,0
2020-07-31,2266.2205,2316.9281,2258.4459,2301.9013,2264.8427,17853341198,319193170297.6700,3,3.000575,1,1.636255,0
2020-08-03,2326.7850,2362.3950,2313.7421,2362.3950,2301.9013,19943481873,361695830361.8100,3,3.349812,1,2.627988,0
2020-08-04,2362.3854,2373.0767,2326.5484,2337.9862,2362.3950,19007431059,346343519250.3400,3,3.183488,1,-1.033223,0
2020-08-05,2341.9587,2371.6670,2319.4236,2363.1621,2337.9862,16646187248,299575127677.6800,3,2.787817,1,1.076820,0
2020-08-06,2365.8517,2365.8517,2310.7945,2343.8825,2363.1621,17730238835,332445718521.2800,3,2.968904,1,-0.815839,0
2020-08-07,2337.4740,2345.4334,2264.1306,2305.1376,2343.8825,17612042171,334839798247.4400,3,2.948899,1,-1.653022,0
2020-08-10,2291.2362,2318.8924,2271.7307,2301.2005,2305.1376,15112889027,300843922310.9900,3,2.483429,1,-0.170797,0
2020-08-11,2302.8386,2326.9623,2261.8836,2264.5664,2301.2005,15497768655,287258132545.6900,3,2.593819,1,-1.591956,0
2020-08-12,2260.8231,2267.3372,2183.5500,2235.1637,2264.5664,15643328629,290388248594.7800,3,2.617857,1,-1.298381,0
2020-08-13,2247.4334,2250.7723,2223.2062,2231.0452,2235.1637,12904377430,221943414553.3200,3,2.158776,1,-0.184259,0
2020-08-14,2228.6603,2263.9185,2222.0413,2262.7041,2231.0452,12875659820,216202984110.1800,3,2.153975,1,1.419017,0
2020-08-17,2268.7228,2299.1430,2256.8664,2299.1430,2262.7041,16527419452,277812069002.1800,3,2.714321,1,1.610414,0
2020-08-18,2300.6290,2313.6748,2290.7707,2304.8743,2299.1430,15452892505,264205041039.7800,3,2.584539,1,0.249280,0
2020-08-19,2300.1044,2300.1044,2245.1544,2245.8215,2304.8743,15224374512,261671072586.1200,3,2.545036,1,-2.562083,0
2020-08-20,2229.2318,2250.1520,2213.3548,2222.1484,2245.8215,12326504639,209902853937.7400,3,2.060476,1,-1.054095,0
2020-08-21,2241.8157,2266.9480,2235.6167,2253.8984,2222.1484,12676013507,225739178022.5600,3,2.118128,1,1.428797,0
2020-08-24,2271.6216,2300.9891,2238.4321,2291.8723,2253.8984,14034451307,255131986523.7900,3,2.344288,1,1.684810,0
2020-08-25,2295.7350,2312.9559,2282.1021,2290.3775,2291.8723,15067714123,249505027076.5000,3,2.515138,1,-0.065222,0
2020-08-26,2294.1870,2296.7880,2236.7139,2244.1458,2290.3775,15401761472,257362275074.9500,3,2.570898,1,-2.018519,0
2020-08-27,2249.8734,2272.3339,2233.7074,2268.2978,2244.1458,13462185558,220892661299.8200,3,2.246919,1,1.076222,0
2020-08-28,2265.1237,2319.2717,2260.0925,2316.4063,2268.2978,14266255006,240404134038.9700,3,2.352636,1,2.120908,0
2020-08-31,2324.7341,2334.4425,2296.7804,2297.0259,2316.4063,14756753985,257182318509.4900,3,2.425772,1,-0.836658,0
2020-09-01,2292.6437,2316.0345,2281.8756,2316.0345,2297.0259,12748016116,222619639917.5900,3,2.095440,1,0.827531,0
2020-09-02,2321.7349,2335.7898,2300.1709,2326.5639,2316.0345,16671042594,259660371222.7100,3,2.739411,1,0.454631,0
2020-09-03,2322.9700,2328.5051,2293.2015,2300.8969,2326.5639,14979259705,240285877513.6000,3,2.461390,1,-1.103215,0
2020-09-04,2254.0600,2294.3355,2252.1513,2289.8498,2300.8969,13983657857,220066280901.0000,3,2.297299,1,-0.480121,0
2020-09-07,2288.7861,2301.4173,2217.4746,2227.1120,2289.8498,18321949186,282898479121.8400,3,3.008115,1,-2.739822,0
2020-09-08,2231.6569,2238.5938,2199.8632,2230.3841,2227.1120,17437381862,239408745926.8000,3,2.862398,1,0.146921,0
2020-09-09,2199.2598,2199.2598,2134.1870,2146.1565,2230.3841,21063870099,277005531092.8400,3,3.457696,1,-3.776372,0
2020-09-10,2168.6333,2176.9054,2106.8893,2112.0076,2146.1565,17258391663,225218387480.6100,3,2.832307,1,-1.591165,0
2020-09-11,2106.4573,2156.0608,2106.4573,2154.3917,2112.0076,13038137576,183736464340.8000,3,2.139712,1,2.006816,0
2020-09-14,2170.7995,2194.5312,2158.3377,2178.1786,2154.3917,14834662977,219960085001.9500,3,2.434365,1,1.104112,0
2020-09-15,2180.4172,2198.6694,2169.9369,2197.5466,2178.1786,13105066259,196906614554.2800,3,2.150539,1,0.889183,0
2020-09-16,2194.9156,2197.2646,2159.7772,2172.3871,2197.5466,12143464651,184326730554.1500,3,1.992715,1,-1.144890,0
2020-09-17,2165.8892,2193.9253,2147.3460,2175.9094,2172.3871,12567805544,200034010113.1300,3,2.062353,1,0.162140,0
2020-09-18,2175.8336,2210.7881,2167.5350,2209.4561,2175.9094,13685507380,214021344184.4500,3,2.245750,1,1.541732,0
2020-09-21,2216.0023,2218.8489,2190.6780,2193.8406,2209.4561,12857357224,202440013613.2300,3,2.109177,1,-0.706758,0
2020-09-22,2179.3236,2205.2350,2165.0296,2172.0910,2193.8406,11718435934,184177977884.2200,3,1.920937,1,-0.991394,0
2020-09-23,2179.5713,2201.2237,2169.8573,2194.3714,2172.0910,10192679645,177711702908.1500,3,1.669656,1,1.025758,0
2020-09-24,2177.3379,2181.2066,2142.5485,2142.5485,2194.3714,11220358622,172690443578.2700,3,1.838000,1,-2.361628,0
2020-09-25,2154.2620,2161.7231,2134.3223,2142.7041,2142.5485,8877355989,145722780285.3300,3,1.454160,1,0.007262,0
2020-09-28,2151.5120,2154.1055,2127.8664,2129.0491,2142.7041,8197995281,138223075805.7500,3,1.342873,1,-0.637279,0
2020-09-29,2143.9730,2169.6571,2134.4277,2158.3776,2129.0491,8526179213,150434782593.1000,3,1.397099,1,1.377540,0
2020-09-30,2165.6968,2183.1687,2149.5287,2162.5628,2158.3776,8412807990,148321300677.6200,3,1.378464,1,0.193905,0
2020-10-09,2210.2530,2240.9834,2205.7445,2236.2269,2162.5628,11173494231,211195855888.9900,3,1.830740,1,3.406333,0
2020-10-12,2256.1974,2309.2784,2253.6775,2309.2784,2236.2269,15187202624,280216274001.2900,3,2.487881,1,3.266730,0
2020-10-13,2303.7638,2330.4539,2293.9212,2325.9707,2309.2784,12259689387,233445256574.1800,3,2.008196,1,0.722836,0
2020-10-14,2321.8239,2323.1350,2303.1763,2308.1523,2325.9707,12758966600,228836145112.3600,3,2.090005,1,-0.766063,0
2020-10-15,2310.7392,2313.9936,2290.0992,2291.3595,2308.1523,11707794046,202354433835.4000,3,1.916965,1,-0.727543,0
2020-10-16,2288.8763,2297.1043,2255.1543,2273.7339,2291.3595,9997270806,181213039863.9400,3,1.636055,1,-0.769220,0
2020-10-19,2293.2891,2294.2944,2249.2364,2254.0527,2273.7339,10272991354,180868628416.6100,3,1.681153,1,-0.865589,0
2020-10-20,2254.5449,2287.8031,2245.7059,2287.8031,2254.0527,10154742376,174071848768.2900,3,1.660267,1,1.497321,0
2020-10-21,2289.6923,2289.6923,2244.1698,2254.8206,2287.8031,10179664352,178808027647.9900,3,1.664179,1,-1.441667,0
2020-10-22,2245.5264,2247.1528,2217.3831,2239.1557,2254.8206,9581479964,165762146480.5700,3,1.566374,1,-0.694729,0
2020-10-23,2243.2096,2257.9053,2184.9280,2189.7194,2239.1557,9348654129,167129452771.4100,3,1.526912,1,-2.207810,0
2020-10-26,2179.3662,2216.8015,2156.5750,2206.7581,2189.7194,8616038396,160088353840.9300,3,1.407081,1,0.778123,0
2020-10-27,2201.4521,2229.3979,2199.0341,2226.0753,2206.7581,8827717149,167086042173.7600,3,1.440998,1,0.875366,0
2020-10-28,2225.9194,2255.0140,2207.8207,2246.3283,2226.0753,10436368778,205290650834.3300,3,1.703482,1,0.909807,0
2020-10-29,2214.0347,2268.6812,2210.7224,2258.5172,2246.3283,10565422939,208385638937.1600,3,1.724044,1,0.542614,0
2020-10-30,2264.2629,2264.8909,2204.5839,2210.4884,2258.5172,11976015695,233221425494.6800,3,1.954221,1,-2.126563,0
2020-11-02,2215.3371,2243.0292,2208.1483,2236.8883,2210.4884,11020547297,215188456671.6800,3,1.798330,1,1.194302,0
2020-11-03,2247.0014,2266.5179,2234.8973,2264.8538,2236.8883,10752407711,206034646553.4000,3,1.754605,1,1.250197,0
2020-11-04,2265.3720,2276.3621,2252.1092,2270.8138,2264.8538,9509701833,187367988754.4500,3,1.551339,1,0.263152,0
2020-11-05,2295.8161,2312.4081,2278.7410,2311.4233,2270.8138,11767132114,230906541759.6200,3,1.919587,1,1.788324,0
2020-11-06,2318.0935,2318.0935,2265.4952,2285.2894,2311.4233,11876663927,242727402098.3500,3,1.937455,1,-1.130641,0
2020-11-09,2300.2202,2352.0286,2300.2202,2338.7158,2285.2894,14872755804,296785042328.6900,3,2.426046,1,2.337840,0
2020-11-10,2334.3667,2334.3667,2295.9475,2308.0821,2338.7158,12708456507,262429694063.1000,3,2.073278,1,-1.309851,0
2020-11-11,2298.1288,2305.2980,2248.2118,2248.4349,2308.0821,10547797535,224820742519.1400,3,1.720511,1,-2.584275,0
2020-11-12,2262.0820,2269.8002,2248.0744,2258.0953,2248.4349,8602864840,174725419740.8800,3,1.403262,1,0.429650,0
2020-11-13,2256.2711,2265.9803,2236.8564,2256.4761,2258.0953,8597871350,187133542459.6600,3,1.402275,1,-0.071706,0
2020-11-16,2261.9180,2263.8592,2234.3215,2262.2069,2256.4761,9778801725,200401155523.7800,3,1.594869,1,0.253971,0
2020-11-17,2261.6104,2261.6104,2208.4277,2231.3041,2262.2069,10563714273,214637264871.7400,3,1.722025,1,-1.366047,0
2020-11-18,2226.4376,2240.8067,2204.9919,2213.6036,2231.3041,9498405546,187187892972.6900,3,1.548357,1,-0.793280,0
2020-11-19,2210.0123,2237.5247,2195.1364,2232.8712,2213.6036,9899408586,176396754521.4600,3,1.613222,1,0.870418,0
2020-11-20,2235.8330,2250.2403,2232.3433,2247.7663,2232.8712,9423218554,173493293735.5800,3,1.535622,1,0.667083,0
2020-11-23,2252.2943,2269.5694,2234.1666,2257.5428,2247.7663,11824425851,215695321742.4900,3,1.926810,1,0.434943,0
2020-11-24,2259.0730,2265.5625,2243.6935,2253.5769,2257.5428,10971392834,199706927833.6800,3,1.784682,1,-0.175673,0
2020-11-25,2256.0859,2257.3131,2212.3192,2212.3192,2253.5769,11251306878,200520509298.0900,3,1.830215,1,-1.830765,0
2020-11-26,2212.3075,2220.4899,2182.3543,2204.7063,2212.3192,9617705661,170197490671.5600,3,1.564383,1,-0.344114,0
2020-11-27,2208.2391,2219.2300,2193.4307,2216.3794,2204.7063,9287389166,160820864021.7800,3,1.510586,1,0.529463,0
2020-11-30,2222.7273,2237.0330,2199.8412,2218.0952,2216.3794,12170373455,223427232153.3400,3,1.979486,1,0.077415,0
2020-12-01,2214.3159,2262.8350,2212.3827,2261.5887,2218.0952,12181646175,216766553556.5100,3,1.977668,1,1.960849,0
2020-12-02,2261.3112,2265.7596,2240.7354,2257.6914,2261.5887,11626774130,207858653889.7000,3,1.887572,1,-0.172326,0
2020-12-03,2256.1469,2274.0703,2248.6129,2267.7082,2257.6914,11446991959,201143078122.8600,3,1.858534,1,0.443674,0
2020-12-04,2262.8098,2286.2389,2259.2080,2282.7063,2267.7082,10448101266,185523351213.5100,3,1.696238,1,0.661377,0
2020-12-07,2281.9170,2290.2210,2274.5671,2279.4889,2282.7063,10835016250,200203517460.2400,3,1.759046,1,-0.140947,0
2020-12-08,2284.8659,2297.2691,2284.0544,2287.5089,2279.4889,9578852687,179858990689.7300,3,1.555079,1,0.351833,0
2020-12-09,2292.7002,2296.4221,2246.7746,2247.9462,2287.5089,11486468120,210047065102.0000,3,1.864765,1,-1.729510,0
2020-12-10,2238.5606,2265.9086,2227.4862,2250.9663,2247.9462,9482176848,177812912030.3000,3,1.539266,1,0.134349,0
2020-12-11,2254.8955,2255.5802,2195.8196,2214.6864,2250.9663,11612977235,210917193972.0600,3,1.885189,1,-1.611748,0
2020-12-14,2218.0532,2240.0840,2205.4699,2239.5171,2214.6864,9437776354,189684837864.0300,3,1.532016,1,1.121184,0
2020-12-15,2238.7085,2258.6336,2233.0679,2256.0046,2239.5171,8734492277,181358387424.6200,3,1.471706,1,0.736208,0
2020-12-16,2260.4771,2261.0454,2239.8696,2246.8236,2256.0046,9635856937,178568733015.3300,3,1.623552,1,-0.406958,0
2020-12-17,2244.5062,2265.2099,2227.5451,2263.9800,2246.8236,10771140652,192966423863.9300,3,1.814837,1,0.763585,0
2020-12-18,2269.4517,2274.0642,2252.2388,2259.4430,2263.9800,9459232830,189052892426.5900,3,1.593653,1,-0.200399,0
2020-12-21,2262.3091,2318.3021,2258.3775,2318.3021,2259.4430,11034410892,235917574762.5100,3,1.858859,1,2.605027,0
2020-12-22,2308.2526,2324.3871,2271.6140,2272.6369,2318.3021,12306473986,249923057931.7500,3,2.072187,1,-1.969769,0
2020-12-23,2278.9097,2306.2902,2269.9751,2298.2232,2272.6369,12340267336,247869461376.0300,3,2.077688,1,1.125842,0
2020-12-24,2294.6346,2304.0485,2272.5365,2279.2482,2298.2232,10829355107,205655551699.6900,3,1.823217,1,-0.825638,0
2020-12-25,2273.5877,2298.2595,2267.3702,2297.8896,2279.2482,10470543269,200596151456.6200,3,1.762900,1,0.817875,0
2020-12-28,2297.4055,2301.3762,2277.5114,2287.8359,2297.8896,11999185181,223242329647.9800,3,1.945540,1,-0.437519,0
2020-12-29,2287.4701,2295.7722,2263.0393,2274.9191,2287.8359,12121287267,223127376134.6500,3,0.000000,1,-0.564586,0
2020-12-30,2276.6658,2318.6377,2276.6658,2314.5559,2274.9191,10893956868,229693097117.3000,3,1.830657,1,1.742339,0
2020-12-31,2320.0978,2363.2038,2319.6393,2361.6902,2314.5559,12744111939,257955187679.0800,3,2.140857,1,2.036430,0
2021-01-04,2372.7263,2437.1058,2364.7467,2430.8415,2361.6902,15206807261,332538435152.9000,3,2.554666,1,2.928043,0
2021-01-05,2420.7472,2475.4720,2413.8445,2475.2041,2430.8415,16132547874,366887566072.6000,3,2.708095,1,1.824989,0
2021-01-06,2485.2981,2495.4899,2443.7601,2474.8131,2475.2041,14946663273,328937394454.3500,3,2.509015,1,-0.015797,0
2021-01-07,2472.4151,2499.5335,2457.7583,2499.3931,2474.8131,15728168223,340092030607.9300,3,2.638203,1,0.993206,0
2021-01-08,2509.6535,2517.7792,2469.2314,2495.6732,2499.3931,15057844348,335248168728.6100,3,2.524673,1,-0.148832,0
2021-01-11,2500.9488,2514.0844,2446.2293,2465.4253,2495.6732,15731241456,368051273515.3000,3,2.539992,1,-1.212014,0
2021-01-12,2454.8716,2515.4400,2446.1908,2515.4400,2465.4253,14141507496,330079602388.3100,3,2.370183,1,2.028644,0
2021-01-13,2517.4162,2532.6829,2471.7820,2492.1839,2515.4400,15271952650,365487871030.2800,3,2.557098,1,-0.924534,0
2021-01-14,2475.0938,2491.2186,2436.3803,2453.3408,2492.1839,14252346643,324962194395.2100,3,2.385546,1,-1.558597,0
2021-01-15,2446.2007,2464.6134,2407.8896,2451.6489,2453.3408,12466288001,280369087841.6100,3,2.086490,1,-0.068963,0
2021-01-18,2445.0607,2504.6377,2435.4233,2496.7238,2451.6489,11907178070,270484132950.9300,3,1.918750,1,1.838554,0
2021-01-19,2497.5871,2503.5841,2447.7431,2455.5520,2496.7238,12760058527,281480616595.5300,3,2.133916,1,-1.649033,0
2021-01-20,2461.3515,2503.4475,2452.1827,2501.7788,2455.5520,10928044070,262144686364.5500,3,1.827527,1,1.882542,0
2021-01-21,2506.0505,2565.0106,2506.0049,2550.6452,2501.7788,13614914209,321649005899.3900,3,2.276529,1,1.953266,0
2021-01-22,2550.6240,2583.8747,2535.8948,2581.8520,2550.6452,14222731505,344785912890.9900,3,2.378111,1,1.223487,0
2021-01-25,2574.5559,2620.6012,2559.1951,2579.5784,2581.8520,14558256402,375032904127.5900,3,2.342421,1,-0.088061,0
2021-01-26,2567.5737,2570.8072,2515.7535,2521.3562,2579.5784,12825173371,317920655005.8200,3,2.140641,1,-2.257043,0
2021-01-27,2520.1297,2543.0780,2479.9874,2538.3006,2521.3562,12534253820,281833768881.7900,3,2.091881,1,0.672035,0
2021-01-28,2497.1487,2513.4073,2448.9872,2452.6121,2538.3006,12793845058,281717575077.4200,3,2.134867,1,-3.375822,0
2021-01-29,2475.7205,2484.2498,2391.0338,2429.8840,2452.6121,12493645040,280413330319.4600,3,2.084824,1,-0.926690,0
2021-02-01,2430.7439,2465.7250,2423.7591,2461.1416,2429.8840,11495397659,250408694949.6600,3,1.918043,1,1.286382,0
2021-02-02,2469.8902,2509.4644,2447.9208,2508.4294,2461.1416,11701813248,267560615381.2500,3,1.949272,1,1.921377,0
2021-02-03,2512.3010,2526.6873,2482.3978,2484.4484,2508.4294,12297307844,286668136508.7300,3,2.045855,1,-0.956017,0
2021-02-04,2471.7677,2496.4525,2423.1397,2458.8807,2484.4484,12212188898,274211853252.8400,3,2.031502,1,-1.029110,0
2021-02-05,2471.5875,2488.8932,2435.2513,2436.5263,2458.8807,11024311336,259894701301.0300,3,1.832716,1,-0.909129,0
2021-02-08,2444.9006,2486.3094,2421.7615,2481.9597,2436.5263,9881446137,240075448678.6300,3,1.583660,1,1.864679,0
2021-02-09,2491.6382,2541.0070,2486.0141,2538.7147,2481.9597,10159878769,243586988816.6600,3,1.687235,1,2.286701,0
2021-02-10,2551.6212,2602.5420,2534.6009,2595.0703,2538.7147,10180380312,258601874917.7500,3,1.690481,1,2.219848,0
2021-02-18,2644.8083,2647.8800,2552.8307,2565.0586,2595.0703,12785595319,319085032077.0800,3,2.047228,1,-1.156489,0
2021-02-19,2549.0426,2567.1380,2500.3185,2565.0334,2565.0586,13212619813,283955100123.2000,3,2.194941,1,-0.000982,0
2021-02-22,2566.8711,2568.0438,2494.6244,2494.6244,2565.0334,16215410120,338272943109.2200,3,2.592785,1,-2.744955,0
2021-02-23,2468.8792,2499.0310,2460.4764,2471.7963,2494.6244,11983646491,256705810292.2400,3,1.988935,1,-0.915092,0
2021-02-24,2472.4573,2481.8512,2383.1101,2408.2892,2471.7963,12290803603,286649636071.5500,3,2.039705,1,-2.569269,0
2021-02-25,2431.8741,2435.9493,2384.5925,2390.0937,2408.2892,10600677637,224141010018.0700,3,1.759182,1,-0.755536,0
2021-02-26,2335.7382,2373.3615,2323.9877,2340.7710,2390.0937,10371408541,229261930862.8900,3,1.721128,1,-2.063630,0
2021-03-01,2368.9088,2405.0888,2362.7264,2403.5686,2340.7710,10645704863,228169447592.8700,3,1.700417,1,2.682774,0
2021-03-02,2419.9719,2421.5183,2367.2664,2389.9307,2403.5686,10716970906,229290539795.8300,3,1.777617,1,-0.567402,0
2021-03-03,2379.1456,2415.6530,2368.0802,2415.6444,2389.9307,10266563328,197413063628.7100,3,1.700993,1,1.075918,0
2021-03-04,2393.2749,2393.2749,2319.5834,2328.6245,2415.6444,11787349134,234895358138.8200,3,1.952946,1,-3.602347,0
2021-03-05,2289.5850,2355.2514,2288.5437,2337.6017,2328.6245,10636995262,207925539402.3200,3,1.762076,1,0.385515,0
2021-03-08,2354.9246,2369.4173,2245.3863,2246.7630,2337.6017,11621767152,242540511110.7500,3,1.853410,1,-3.885979,0
2021-03-09,2237.8609,2240.9617,2147.6448,2176.0101,2246.7630,12150722399,244967600319.9400,3,2.011523,1,-3.149104,0
2021-03-10,2220.7020,2227.1967,2179.6087,2187.2612,2176.0101,9347805363,191960641080.3500,3,1.547583,1,0.517052,0
2021-03-11,2192.3807,2239.0823,2181.7351,2232.0997,2187.2612,10091997908,202658625192.5000,3,1.670637,1,2.049984,0
2021-03-12,2244.5414,2245.2232,2202.9925,2231.9512,2232.0997,9964679360,192795595464.1000,3,1.649409,1,-0.006653,0
2021-03-15,2214.1036,2214.1036,2148.6064,2169.3302,2231.9512,9992300471,191940080102.3300,3,1.592394,1,-2.805662,0
2021-03-16,2179.2597,2191.8136,2154.5837,2185.5743,2169.3302,9968603057,170476216787.0200,3,1.649600,1,0.748807,0
2021-03-17,2180.5351,2218.9085,2160.1380,2212.4427,2185.5743,9215190906,161329084470.8000,3,1.524883,1,1.229352,0
2021-03-18,2219.0183,2240.0929,2213.3144,2233.7076,2212.4427,10005374786,175636135119.6100,3,1.655669,1,0.961150,0
2021-03-19,2198.5353,2216.1448,2166.6451,2179.1084,2233.7076,9981842987,182812061874.0200,3,1.651711,1,-2.444331,0
2021-03-22,2180.8827,2208.4100,2172.3231,2202.2767,2179.1084,9504025366,166840034007.4400,3,1.572608,1,1.063201,0
2021-03-23,2200.6903,2207.9796,2159.0223,2174.4348,2202.2767,9917174950,174313315087.5100,3,1.640684,1,-1.264233,0
2021-03-24,2162.5282,2179.0585,2133.9917,2139.6490,2174.4348,9445238365,168024306910.6500,3,1.562109,1,-1.599763,0
2021-03-25,2126.8187,2161.9900,2119.1717,2150.4037,2139.6490,9122576424,151384139664.5400,3,1.509106,1,0.502639,0
2021-03-26,2160.5883,2216.4093,2160.5883,2208.8730,2150.4037,9757054756,188632429234.6400,3,1.614059,1,2.718992,0
2021-03-29,2214.1562,2223.7325,2192.4670,2203.9369,2208.8730,9819824701,175021238178.9900,3,1.624443,1,-0.223467,0
2021-03-30,2198.7858,2228.2686,2193.2767,2221.1358,2203.9369,9086601324,166542684836.3800,3,1.503119,1,0.780372,0
2021-03-31,2220.1594,2220.3631,2188.6529,2205.6434,2221.1358,7766239448,147638186221.5700,3,1.284668,1,-0.697499,0
2021-04-01,2211.6175,2242.3283,2210.5524,2240.4053,2205.6434,7446729422,146326181026.3400,3,1.231637,1,1.576044,0
2021-04-02,2250.1448,2273.3287,2244.4768,2261.3885,2240.4053,8091545655,165841167751.1200,3,1.337154,1,0.936581,0
2021-04-06,2269.9083,2273.0732,2248.0334,2259.1397,2261.3885,7788614023,147921090795.7100,3,1.286937,1,-0.099443,0
2021-04-07,2262.8169,2262.8169,2223.7912,2244.6395,2259.1397,9119473116,160740501829.0200,3,1.506801,1,-0.641846,0
2021-04-08,2235.6395,2256.2282,2224.8392,2247.6299,2244.6395,8871374878,149267248244.1600,3,1.466147,1,0.133224,0
2021-04-09,2243.1173,2246.8504,2214.0222,2221.3122,2247.6299,7848387671,141984621154.8500,3,1.296786,1,-1.170909,0
2021-04-12,2221.0715,2230.6823,2158.7623,2165.9404,2221.3122,8913608439,178880077493.7500,3,1.472797,1,-2.492752,0
2021-04-13,2164.5142,2198.4586,2164.5142,2174.3148,2165.9404,7831194847,148938491006.0200,3,1.293153,1,0.386640,0
2021-04-14,2178.5261,2212.5519,2178.5261,2210.1251,2174.3148,7260035758,147754490719.0100,3,1.198838,1,1.646969,0
2021-04-15,2203.3256,2203.3832,2179.7517,2201.2225,2210.1251,7587687620,137901850036.1000,3,1.252763,1,-0.402810,0
2021-04-16,2205.8242,2210.9835,2180.6880,2205.2955,2201.2225,8152158308,147991291041.7200,3,1.345953,1,0.185034,0
2021-04-19,2206.2368,2283.5763,2202.8058,2282.9285,2205.2955,10677321479,218626119383.3400,3,1.762914,1,3.520299,0
2021-04-20,2274.4244,2301.0789,2270.2996,2281.3498,2282.9285,9883850792,198466909218.6800,3,1.631518,1,-0.069152,0
2021-04-21,2266.4661,2291.8239,2260.1811,2289.2911,2281.3498,8260982486,162818228796.1700,3,1.362536,1,0.348097,0
2021-04-22,2302.3101,2310.0587,2280.1065,2303.7507,2289.2911,8807494304,179002644996.9800,3,1.452669,1,0.631619,0
2021-04-23,2304.3982,2331.4901,2302.2128,2322.9958,2303.7507,9588021230,199647179834.1100,3,1.580391,1,0.835381,0
2021-04-26,2333.6110,2356.4985,2306.3508,2308.8739,2322.9958,10937812173,240169333523.6400,3,1.801264,1,-0.607918,0
2021-04-27,2305.1058,2312.5764,2285.6459,2312.1021,2308.8739,9194194947,192722631162.2800,3,1.514122,1,0.139817,0
2021-04-28,2310.7315,2339.8967,2302.3413,2339.6625,2312.1021,8927753898,196250803614.5700,3,1.468083,1,1.192006,0
2021-04-29,2339.9334,2353.0444,2323.4369,2342.7740,2339.6625,8857698345,197570473992.9500,3,1.453297,1,0.132989,0
2021-04-30,2336.8065,2362.2629,2333.3963,2350.5316,2342.7740,9494155397,210046573829.0400,3,1.556647,1,0.331129,0
2021-05-06,2338.4431,2342.1828,2288.1498,2313.8036,2350.5316,9114204503,210655745312.3900,3,1.494063,1,-1.562540,0
2021-05-07,2317.5608,2325.1869,2260.0868,2260.0868,2313.8036,9303818312,193599253084.6300,3,1.525054,1,-2.321580,0
2021-05-10,2261.6492,2279.0518,2244.0962,2256.3609,2260.0868,9262368694,180318588892.6300,3,1.518297,1,-0.164857,0
2021-05-11,2240.6454,2261.4484,2215.2979,2256.6146,2256.3609,9093380807,167120484567.5500,3,1.490576,1,0.011244,0
2021-05-12,2249.8505,2282.8383,2239.9171,2280.5647,2256.6146,8642824285,160146615820.0600,3,1.416709,1,1.061329,0
2021-05-13,2255.0313,2280.7506,2249.3022,2262.0988,2280.5647,9401516080,164329234641.4800,3,1.539735,1,-0.809707,0
2021-05-14,2268.7076,2309.6134,2255.4753,2308.6543,2262.0988,10272092970,200548383303.1600,3,1.681512,1,2.058067,0
2021-05-17,2314.2176,2364.2497,2314.2176,2350.9803,2308.6543,10230037702,222541241746.6400,3,1.674459,1,1.833362,0
2021-05-18,2349.1471,2357.4628,2330.9821,2347.3578,2350.9803,8142883088,168902865544.8900,3,1.332517,1,-0.154085,0
2021-05-19,2340.4195,2367.6447,2334.4881,2359.3473,2347.3578,8549107162,183739356368.0700,3,1.396363,1,0.510766,0
2021-05-20,2353.4928,2379.9055,2351.6577,2371.6571,2359.3473,9158561016,192011340689.9600,3,1.494115,1,0.521746,0
2021-05-21,2381.4416,2389.9621,2348.3685,2353.9309,2371.6571,8286855072,181428313727.5100,3,1.351445,1,-0.747418,0
2021-05-24,2357.5505,2372.6843,2336.4107,2372.6843,2353.9309,9161251350,198078141663.4100,3,1.493126,1,0.796684,0
2021-05-25,2378.0929,2429.5374,2373.3632,2426.7893,2372.6843,10693095217,231407990979.8900,3,1.741390,1,2.280329,0
2021-05-26,2428.2491,2429.2579,2408.2457,2414.3082,2426.7893,11140452570,211677756251.7000,3,1.813777,1,-0.514305,0
2021-05-27,2412.3326,2441.8772,2401.6477,2437.3677,2414.3082,11410871545,215630940326.9700,3,1.851735,1,0.955118,0
2021-05-28,2437.8124,2461.1899,2424.2069,2436.5824,2437.3677,11578623222,240509902080.7900,3,1.878049,1,-0.032219,0
2021-05-31,2443.5497,2474.8096,2442.2130,2474.8096,2436.5824,11094640806,247943201655.6500,3,1.799292,1,1.568886,0
2021-06-01,2467.8799,2482.7844,2444.5792,2481.9172,2474.8096,11491996189,245374320028.7300,3,1.852976,1,0.287198,0
2021-06-02,2485.1209,2486.4038,2436.2341,2447.9110,2481.9172,11631660165,230484617569.4500,3,1.875241,1,-1.370159,0
2021-06-03,2446.6249,2460.6037,2428.1628,2428.1737,2447.9110,10213539428,209590269497.1600,3,1.640950,1,-0.806292,0
2021-06-04,2420.5374,2474.6321,2415.3803,2455.3552,2428.1737,10109818338,219809204763.1300,3,1.621988,1,1.119422,0
2021-06-07,2459.2358,2460.1891,2440.7778,2458.2684,2455.3552,10932593820,229027619937.8300,3,1.753908,1,0.118647,0
2021-06-08,2460.7325,2484.1494,2427.3178,2443.6613,2458.2684,11239886998,235615225361.0800,3,1.801554,1,-0.594203,0
2021-06-09,2441.0899,2453.1671,2430.7266,2447.1970,2443.6613,10374911101,199444642825.2800,3,1.662255,1,0.144689,0
2021-06-10,2447.0289,2494.6401,2444.7180,2488.0242,2447.1970,12667483472,251591503684.0700,3,2.029581,1,1.668325,0
2021-06-11,2492.9514,2493.1813,2465.6604,2475.9534,2488.0242,14204561861,289149382827.7700,3,2.271911,1,-0.485156,0
2021-06-15,2477.3991,2481.2108,2439.5799,2456.8393,2475.9534,11720067799,253866472422.4700,3,1.870876,1,-0.771989,0
2021-06-16,2454.1221,2454.7363,2379.2352,2380.5321,2456.8393,10777009011,246040079961.5100,3,1.720175,1,-3.105909,0
2021-06-17,2380.9355,2424.3743,2380.9355,2423.8340,2380.5321,10546696219,236992887259.4500,3,1.683161,1,1.819001,0
2021-06-18,2432.3905,2461.8274,2428.7952,2452.4665,2423.8340,11385915356,255959088109.7200,3,1.815616,1,1.181290,0
2021-06-21,2450.2838,2487.0952,2433.1142,2475.7777,2452.4665,11534748480,265557401275.0800,3,1.877502,1,0.950521,0
2021-06-22,2480.4657,2485.6731,2452.1526,2482.1310,2475.7777,10963418498,239709066262.9700,3,1.783961,1,0.256618,0
2021-06-23,2485.0931,2523.3834,2475.2184,2514.4349,2482.1310,12036356414,275956955107.0300,3,1.959427,1,1.301458,0
2021-06-24,2519.5541,2520.3534,2490.8524,2501.0059,2514.4349,11551287297,248009324777.6700,3,1.875023,1,-0.534076,0
2021-06-25,2504.5432,2540.7594,2501.6512,2535.1418,2501.0059,11705860289,270556999333.9400,3,1.899255,1,1.364887,0
2021-06-28,2541.4886,2573.3647,2535.8761,2568.0388,2535.1418,11195830457,271986654601.1300,3,1.815432,1,1.297639,0
2021-06-29,2576.7805,2580.0074,2546.3255,2552.5496,2568.0388,10982737318,263572707725.2100,3,1.778642,1,-0.603153,0
2021-06-30,2555.8139,2588.9456,2543.0511,2585.9762,2552.5496,10230728449,249976364912.7700,3,1.656882,1,1.309538,0
2021-07-01,2593.8381,2594.4035,2551.4413,2554.1459,2585.9762,11162464958,262467943178.9200,3,1.806639,1,-1.230881,0
2021-07-02,2538.3037,2538.3998,2493.2014,2496.3450,2554.1459,10520919619,264972870362.9300,3,1.703727,1,-2.263023,0
2021-07-05,2500.0524,2530.0709,2495.3189,2518.3537,2496.3450,10502179573,262322708280.9100,3,1.699843,1,0.881637,0
2021-07-06,2525.8671,2535.4590,2466.0196,2501.6818,2518.3537,11396925108,296423032696.6100,3,1.844207,1,-0.662016,0
2021-07-07,2485.6983,2563.9721,2476.8673,2559.6199,2501.6818,11225790104,283423065563.0700,3,1.815257,1,2.315966,0
2021-07-08,2567.8195,2586.0269,2554.7334,2561.3442,2559.6199,12566143482,312786204218.1300,3,2.031900,1,0.067365,0
2021-07-09,2547.7265,2563.2465,2504.0317,2553.5470,2561.3442,11767858595,297151126309.5300,3,1.902743,1,-0.304418,0
2021-07-12,2574.4026,2628.7883,2557.8373,2618.3121,2553.5470,14331470547,363559694807.5400,3,2.317145,1,2.536280,0
2021-07-13,2613.0469,2629.9610,2593.7075,2617.6099,2618.3121,14147982597,330792738196.8200,3,2.287231,1,-0.026819,0
2021-07-14,2603.5104,2622.1006,2583.3819,2587.5759,2617.6099,12908842821,316815896010.4200,3,2.086905,1,-1.147383,0
2021-07-15,2579.9317,2608.2481,2556.4274,2608.2481,2587.5759,12608622041,302649708487.1800,3,2.038296,1,0.798902,0
2021-07-16,2603.5834,2607.1771,2562.8670,2564.4462,2608.2481,12263004645,303338679066.6200,3,1.981854,1,-1.679361,0
2021-07-19,2561.1066,2580.0242,2541.0733,2561.0415,2564.4462,12118409300,284760338097.6800,3,1.955974,1,-0.132766,0
2021-07-20,2541.9939,2575.8933,2539.8061,2570.9180,2561.0415,10180402720,232776787535.6200,3,1.643114,1,0.385644,0
2021-07-21,2584.5856,2637.5698,2582.7191,2626.5777,2570.9180,12772778570,319997118553.0200,3,2.061457,1,2.164974,0
2021-07-22,2637.5464,2641.0714,2614.0690,2635.6430,2626.5777,13757327345,328449353398.7700,3,2.220020,1,0.345137,0
2021-07-23,2633.6687,2633.6687,2586.9274,2593.9841,2635.6430,14808541746,345451605845.6200,3,2.389792,1,-1.580597,0
2021-07-26,2589.1034,2595.1880,2487.7223,2539.9989,2593.9841,14899571066,356893637146.9200,3,2.401579,1,-2.081169,0
2021-07-27,2542.3911,2565.3551,2447.7806,2447.7806,2539.9989,15951952922,390355369114.4700,3,2.568655,1,-3.630643,0
2021-07-28,2422.8871,2472.7620,2373.5960,2446.5703,2447.7806,13855849071,327981674190.6800,3,2.230979,1,-0.049445,0
2021-07-29,2501.9079,2549.9291,2484.1729,2544.0864,2446.5703,13081515774,340922612531.4400,3,2.105937,1,3.985829,0
2021-07-30,2541.4463,2554.0560,2512.2017,2542.3134,2544.0864,13477876548,352122962896.1400,3,2.169673,1,-0.069691,0
2021-08-02,2545.8991,2591.6453,2534.7137,2590.5684,2542.3134,14709652142,399253936662.4100,3,2.368345,1,1.898074,0
2021-08-03,2585.4910,2595.8542,2557.0983,2567.5561,2590.5684,14725590804,368559474855.3400,3,2.370908,1,-0.888311,0
2021-08-04,2563.9987,2634.1972,2559.1469,2634.1972,2567.5561,13321141325,357776435315.1100,3,2.144670,1,2.595507,0
2021-08-05,2622.3517,2636.4820,2600.5242,2615.9058,2634.1972,13998349550,339849657656.5100,3,2.250763,1,-0.694382,0
2021-08-06,2624.8252,2630.3284,2580.1754,2600.2095,2615.9058,12726077689,323419387073.5600,3,2.046131,1,-0.600033,0
2021-08-09,2580.9184,2609.9306,2558.8399,2603.0600,2600.2095,12669502923,305941362364.9400,3,2.036935,1,0.109626,0
2021-08-10,2599.5619,2612.1541,2580.4870,2611.8706,2603.0600,13308908228,328101787135.9600,3,2.139044,1,0.338471,0
2021-08-11,2609.3101,2618.6259,2590.3890,2607.8909,2611.8706,13359513553,294463776110.9100,3,2.147173,1,-0.152370,0
2021-08-12,2599.0813,2612.3429,2578.9898,2592.7450,2607.8909,13766496811,308705110070.1100,3,2.212120,1,-0.580772,0
2021-08-13,2580.8162,2616.2436,2554.9147,2567.4082,2592.7450,13359176511,317801512428.0100,3,2.130948,1,-0.977219,0
2021-08-16,2555.9195,2561.6741,2526.2339,2532.8431,2567.4082,12511845031,285550564875.7900,3,1.995457,1,-1.346303,0
2021-08-17,2533.6349,2541.2800,2461.5492,2469.6253,2532.8431,13911057602,296270858733.9000,3,2.218611,1,-2.495922,0
2021-08-18,2476.3830,2496.9504,2460.2776,2485.2549,2469.6253,12375561326,270284086823.2800,3,1.972667,1,0.632873,0
2021-08-19,2485.7828,2524.1551,2471.3397,2506.9450,2485.2549,12882463915,273004402477.8400,3,2.053450,1,0.872752,0
2021-08-20,2494.1401,2510.5306,2448.2833,2474.9362,2506.9450,13005559193,293497785818.4900,3,2.070812,1,-1.276805,0
2021-08-23,2487.0970,2546.0445,2478.8296,2542.1003,2474.9362,13683061982,310108717500.4000,3,2.178195,1,2.713771,0
2021-08-24,2546.1938,2575.3414,2530.1425,2566.6484,2542.1003,14409071386,319117148847.4100,3,2.290917,1,0.965662,0
2021-08-25,2566.2938,2572.6609,2543.6123,2572.6609,2566.6484,12961804244,281448713189.4400,3,2.061575,1,0.234255,0
2021-08-26,2575.3639,2577.6147,2524.1501,2524.8881,2572.6609,13893474498,293575358033.1400,3,2.207776,1,-1.856941,0
2021-08-27,2517.9335,2544.9679,2511.4025,2528.1752,2524.8881,14114679515,295254795506.5400,3,2.241531,1,0.130188,0
2021-08-30,2536.2087,2562.8750,2517.4068,2533.5341,2528.1752,15668044427,372364500959.1900,3,2.486586,1,0.211967,0
2021-08-31,2530.8742,2530.8742,2482.5497,2508.6076,2533.5341,15140676906,321985992129.3100,3,2.402527,1,-0.983863,0
2021-09-01,2512.2040,2512.2040,2442.8637,2489.4734,2508.6076,16627524355,348629589120.7300,3,0.000000,1,-0.762742,0
2021-09-02,2484.2736,2496.6103,2473.3411,2481.7871,2489.4734,14086218739,291032592544.2100,3,2.233234,1,-0.308752,0
2021-09-03,2485.0970,2493.1208,2444.8981,2460.0676,2481.7871,16674970549,327419161464.5000,3,2.643656,1,-0.875156,0
2021-09-06,2461.1920,2531.4467,2450.6804,2528.7112,2460.0676,15467966515,322070947877.3400,3,2.451313,1,2.790314,0
2021-09-07,2527.6725,2557.9391,2516.6473,2554.1488,2528.7112,15051501454,300005408166.2200,3,2.385313,1,1.005951,0
2021-09-08,2557.1635,2572.8609,2540.3563,2551.3603,2554.1488,17958996830,326428333477.0800,3,2.845547,1,-0.109175,0
2021-09-09,2548.5322,2559.1160,2518.5046,2546.0422,2551.3603,15918062347,292327591588.2100,3,2.521185,1,-0.208442,0
2021-09-10,2540.6480,2565.2691,2532.9201,2557.9731,2546.0422,15603988850,305340624345.9600,3,2.470525,1,0.468606,0
2021-09-13,2560.0696,2568.8830,2533.3255,2541.8053,2557.9731,15343637804,300265012510.3700,3,2.428338,1,-0.632055,0
2021-09-14,2543.0172,2583.1898,2536.2961,2548.4232,2541.8053,15347414064,317795949990.6800,3,2.428929,1,0.260362,0
2021-09-15,2545.8693,2550.1443,2523.4528,2541.4221,2548.4232,13537256348,289825143663.2300,3,2.142443,1,-0.274723,0
2021-09-16,2538.9750,2539.8684,2480.8741,2480.8741,2541.4221,15194584490,308440477541.3800,3,2.404726,1,-2.382446,0
2021-09-17,2475.8832,2507.5731,2460.8714,2502.4936,2480.8741,13199357639,264711755155.9100,3,2.087691,1,0.871447,0
2021-09-22,2466.6079,2497.9784,2462.9562,2490.2730,2502.4936,10931039242,212060865587.0500,3,1.715015,1,-0.488337,0
2021-09-23,2509.1608,2517.0968,2496.4403,2506.9112,2490.2730,13211520020,252106250456.3700,3,2.072810,1,0.668128,0
2021-09-24,2503.2792,2535.2400,2491.6693,2502.9862,2506.9112,12363473637,249147804242.3900,3,1.939707,1,-0.156567,0
2021-09-27,2514.7502,2529.8422,2469.5397,2489.6973,2502.9862,13595923318,289330753542.5500,3,2.132998,1,-0.530922,0
2021-09-28,2482.9293,2504.7452,2470.3622,2474.9193,2489.6973,9709555081,205632973428.1200,3,1.523831,1,-0.593566,0
2021-09-29,2452.8562,2459.9713,2420.2701,2429.8508,2474.9193,11157794449,225241464895.1700,3,1.748809,1,-1.821009,0
2021-09-30,2441.0032,2484.5836,2439.8203,2480.1168,2429.8508,9320698411,201695024783.0900,3,1.460484,1,2.068687,0
2021-10-08,2507.1335,2512.3499,2477.4275,2489.3427,2480.1168,10952514177,234773980728.1400,3,1.715697,1,0.371995,0
2021-10-11,2492.9163,2505.4234,2474.5497,2479.9969,2489.3427,10521399843,220049433730.5100,3,1.647773,1,-0.375432,0
2021-10-12,2475.8687,2475.9889,2408.7113,2431.4139,2479.9969,10436035998,217004559475.5400,3,1.634434,1,-1.958994,0
2021-10-13,2433.9386,2474.6021,2430.8485,2473.4759,2431.4139,8808216437,198505335120.3600,3,1.379529,1,1.729940,0
2021-10-14,2474.1519,2485.7102,2468.9216,2478.6517,2473.4759,8759903779,190896859781.9400,3,1.371928,1,0.209252,0
2021-10-15,2469.7701,2507.4458,2458.4658,2502.0744,2478.6517,11000914929,244067875949.0200,3,1.722459,1,0.944977,0
2021-10-18,2503.5390,2505.9223,2475.2208,2505.6992,2502.0744,9860981373,224312807068.2100,3,1.542232,1,0.144872,0
2021-10-19,2509.1104,2532.9494,2509.1104,2532.4724,2505.6992,10211519387,222347919605.6400,3,1.596949,1,1.068492,0
2021-10-20,2533.0852,2549.4088,2525.5113,2528.5673,2532.4724,10431993166,231981501749.1600,3,1.630146,1,-0.154201,0
2021-10-21,2529.9119,2533.7614,2502.5622,2518.2821,2528.5673,9612278421,205902538863.9200,3,1.502054,1,-0.406760,0
2021-10-22,2522.9004,2539.1041,2512.8127,2522.3444,2518.2821,10055621113,217733558810.1300,3,1.570537,1,0.161312,0
2021-10-25,2526.9484,2552.9276,2523.0029,2552.5716,2522.3444,10593086191,244336938945.3700,3,1.654465,1,1.198377,0
2021-10-26,2568.5809,2571.6379,2545.0740,2548.9766,2552.5716,11591869442,264142874771.0800,3,1.806392,1,-0.140838,0
2021-10-27,2544.1551,2545.2437,2521.1529,2532.5212,2548.9766,11703286028,253657033586.1000,3,1.823273,1,-0.645569,0
2021-10-28,2525.4171,2540.9043,2496.7910,2505.5756,2532.5212,11027906843,258505830683.1200,3,1.717722,1,-1.063983,0
2021-10-29,2506.4913,2553.5499,2496.0455,2551.9576,2505.5756,11930165845,286535215882.5300,3,1.858213,1,1.851151,0
2021-11-01,2546.6973,2577.4932,2536.6697,2557.8656,2551.9576,13250601869,292569017569.5200,3,2.063645,1,0.231509,0
2021-11-02,2560.3009,2581.1745,2531.3224,2555.5240,2557.8656,13677357336,298298948059.0700,3,2.130100,1,-0.091545,0
2021-11-03,2553.9391,2568.8409,2533.7572,2551.0020,2555.5240,11202574469,248563201939.2300,3,1.744683,1,-0.176950,0
2021-11-04,2565.3754,2588.7231,2562.9089,2582.0464,2551.0020,11919833396,269040188061.1800,3,1.856380,1,1.216949,0
2021-11-05,2580.6635,2594.7899,2565.0911,2565.2472,2582.0464,14368907270,285513553477.8700,3,2.237748,1,-0.650616,0
2021-11-08,2561.7903,2579.8134,2550.2774,2576.4351,2565.2472,12109692409,271461402674.2400,3,1.885229,1,0.436133,0
2021-11-09,2583.7491,2598.1992,2574.5996,2598.1992,2576.4351,11304731705,247403308641.5700,3,1.759705,1,0.844737,0
2021-11-10,2587.6465,2591.2095,2549.0525,2586.9066,2598.1992,12323953515,271198494413.2000,3,1.918357,1,-0.434632,0
2021-11-11,2583.9619,2613.2122,2580.7390,2611.2997,2586.9066,12724193609,264318678727.8500,3,1.980937,1,0.942945,0
2021-11-12,2613.3323,2625.0050,2609.9696,2623.1331,2611.2997,12925818126,258363755179.3700,3,2.012324,1,0.453161,0
2021-11-15,2627.4452,2629.4347,2597.7133,2607.2993,2623.1331,13888582928,287017141935.8600,3,2.161815,1,-0.603622,0
2021-11-16,2604.1647,2621.7069,2594.1227,2597.0175,2607.2993,13753483485,272333553034.2100,3,2.140125,1,-0.394347,0
2021-11-17,2607.2429,2621.6274,2600.1729,2621.6274,2597.0175,12898422121,257636306709.1000,3,2.007073,1,0.947622,0
2021-11-18,2618.4327,2618.4327,2592.2168,2599.1572,2621.6274,14234507575,273508489431.7000,3,2.214971,1,-0.857109,0
2021-11-19,2598.2043,2628.4670,2595.4278,2627.2560,2599.1572,13878754225,269620814536.8400,3,2.156300,1,1.081074,0
2021-11-22,2634.0691,2676.4355,2633.1877,2676.4355,2627.2560,14612220002,319545244221.9900,3,2.269831,1,1.871896,0
2021-11-23,2670.8099,2671.1802,2655.2500,2661.3468,2676.4355,14351806374,298282461704.3600,3,2.229386,1,-0.563761,0
2021-11-24,2658.9089,2664.3438,2644.2290,2647.9458,2661.3468,13797324691,284133996185.5000,3,2.143242,1,-0.503542,0
2021-11-25,2646.7383,2651.8570,2638.1288,2641.7975,2647.9458,12470405688,257788650948.1800,3,1.937122,1,-0.232191,0
2021-11-26,2637.6212,2650.8114,2628.5483,2635.3027,2641.7975,12345988423,258999280876.3900,3,1.917973,1,-0.245848,0
2021-11-29,2610.7761,2652.8799,2610.2453,2651.1872,2635.3027,12168965354,278938002059.2300,3,1.889974,1,0.602758,0
2021-11-30,2660.5244,2662.2071,2637.9880,2655.9774,2651.1872,13120640762,289938312360.1000,3,2.037771,1,0.180681,0
2021-12-01,2652.2409,2658.4296,2631.0881,2642.3725,2655.9774,12459460429,258100895628.4000,3,1.935077,1,-0.512237,0
2021-12-02,2637.9136,2647.5757,2625.1826,2627.2716,2642.3725,12555041326,254205864791.7600,3,1.946841,1,-0.571490,0
2021-12-03,2628.1279,2645.2490,2624.7755,2645.2490,2627.2716,11156411857,241444212540.4600,3,1.729720,1,0.684261,0
2021-12-06,2636.3327,2645.5659,2604.9331,2606.4155,2645.2490,12435433010,257286013412.2000,3,1.928019,1,-1.468047,0
2021-12-07,2620.8238,2623.4582,2562.0010,2580.9473,2606.4155,11885896173,267870750839.4700,3,1.842637,1,-0.977135,0
2021-12-08,2592.3147,2634.6725,2592.3147,2634.6725,2580.9473,11291328345,253021760338.6900,3,1.750432,1,2.081608,0
2021-12-09,2632.6180,2664.8315,2630.7069,2659.5665,2634.6725,13538062014,289842469200.2200,3,2.098396,1,0.944861,0
2021-12-10,2642.0715,2668.4069,2639.4163,2660.8783,2659.5665,12665503690,281791681699.9200,3,1.963149,1,0.049324,0
2021-12-13,2667.6991,2687.3395,2663.1190,2677.3557,2660.8783,13769736192,295842466413.1800,3,2.133783,1,0.619247,0
2021-12-14,2672.1200,2678.6426,2665.5644,2670.6035,2677.3557,12655271553,259308413345.1300,3,1.960947,1,-0.252197,0
2021-12-15,2667.1747,2678.6558,2646.5203,2649.4175,2670.6035,12443541767,251258505960.2500,3,1.927716,1,-0.793304,0
2021-12-16,2653.7402,2663.2143,2644.9309,2663.2143,2649.4175,11553041675,237076625342.7600,3,1.789766,1,0.520748,0
2021-12-17,2656.1555,2656.4783,2618.2473,2618.3760,2663.2143,12509695285,246467006797.0200,3,1.938007,1,-1.683616,0
2021-12-20,2608.9721,2620.9724,2552.6201,2556.0553,2618.3760,12009331976,255195678275.5500,3,1.858905,1,-2.380128,0
2021-12-21,2554.7246,2581.8871,2552.4659,2580.3224,2556.0553,10804961944,209502296850.8100,3,1.672482,1,0.949397,0
2021-12-22,2587.5621,2611.3470,2587.5621,2606.2189,2580.3224,12102513250,227462608185.7900,3,1.895042,1,1.003615,0
2021-12-23,2612.0473,2620.7520,2603.9839,2613.1405,2606.2189,11912488243,227067499411.3200,3,1.843181,1,0.265580,0
2021-12-24,2616.0850,2617.7200,2574.2576,2580.5624,2613.1405,12009310970,243707831999.5200,3,1.857228,1,-1.246703,0
2021-12-27,2580.3392,2595.9012,2567.0814,2578.0875,2580.5624,10820376904,209078165103.0700,3,1.673349,1,-0.095905,0
2021-12-28,2583.0156,2605.9692,2575.1256,2605.1960,2578.0875,10952655615,224552463219.7100,3,1.693721,1,1.051497,0
2021-12-29,2604.2087,2604.2087,2581.3458,2582.4362,2605.1960,10827656406,219991540965.2700,3,1.693523,1,-0.873631,0
2021-12-30,2582.0733,2620.1750,2581.8608,2610.5264,2582.4362,11742968265,229063666014.2100,3,1.816091,1,1.087740,0
2021-12-31,2621.0085,2625.6888,2611.9127,2623.1107,2610.5264,11216005360,229205256755.9600,3,1.754157,1,0.482060,0
2022-01-04,2639.4821,2641.0138,2586.8770,2603.0114,2623.1107,14790773325,300515813499.8400,3,2.287926,1,-0.766239,0
2022-01-05,2595.4825,2598.2904,2526.9722,2539.3000,2603.0114,15041563768,298461395978.5500,3,2.326362,1,-2.447604,0
2022-01-06,2521.4545,2533.1143,2496.9636,2522.7950,2539.3000,13070532759,249838515148.6100,3,2.021942,1,-0.649982,0
2022-01-07,2525.8029,2533.4996,2491.2955,2493.4470,2522.7950,13513152438,257479415249.7800,3,2.113678,1,-1.163313,0
2022-01-10,2485.1967,2512.7475,2464.0023,2505.0275,2493.4470,12072914237,244042701241.8300,3,0.000000,1,0.464437,0
2022-01-11,2507.2502,2511.7188,2464.2001,2468.5669,2505.0275,11608008523,234740512953.2900,3,1.795377,1,-1.455497,0
2022-01-12,2487.8510,2516.8812,2486.6286,2516.4931,2468.5669,11302101184,252111362325.8900,3,1.748020,1,1.941458,0
2022-01-13,2520.0261,2520.0261,2469.7226,2469.7226,2516.4931,11553046104,236591594795.1100,3,1.784640,1,-1.858559,0
2022-01-14,2455.1615,2496.4125,2453.9684,2486.4177,2469.7226,12661708791,251901991242.2100,3,1.977623,1,0.675991,0
2022-01-17,2489.8390,2530.8903,2489.8390,2527.8003,2486.4177,14363869203,279764106185.8200,3,2.213142,1,1.664346,0
2022-01-18,2527.0983,2543.6449,2512.2408,2523.4530,2527.8003,14274969851,266478487943.2400,3,2.196730,1,-0.171980,0
2022-01-19,2517.6784,2522.2380,2467.6612,2483.6580,2523.4530,12346316641,242313627168.7900,3,1.899913,1,-1.577006,0
2022-01-20,2482.1541,2499.2495,2467.2939,2470.8818,2483.6580,12716631542,239773387258.1100,3,1.956896,1,-0.514411,0
2022-01-21,2461.9241,2467.5915,2432.2721,2437.0426,2470.8818,10971755703,213468624511.2000,3,1.688213,1,-1.369519,0
2022-01-24,2422.2919,2463.7330,2418.2968,2452.8227,2437.0426,9577569387,200026820458.9700,3,1.472958,1,0.647510,0
2022-01-25,2441.9871,2456.6455,2383.3071,2383.4366,2452.8227,11310993540,211641242573.6600,3,1.735860,1,-2.828827,0
2022-01-26,2393.3635,2407.7170,2365.0240,2400.0802,2383.4366,8833471940,179661155427.2600,3,1.355650,1,0.698303,0
2022-01-27,2396.9568,2400.4556,2328.0526,2328.6823,2400.0802,9640268915,190021434397.5200,3,1.479722,1,-2.974813,0
2022-01-28,2350.8980,2359.5576,2301.4394,2321.3590,2328.6823,8815956736,190112378334.5800,3,1.351849,1,-0.314483,0
2022-02-07,2364.4016,2376.7571,2332.7862,2340.7667,2321.3590,9247157364,186827072413.8400,3,1.417199,1,0.836049,0
2022-02-08,2335.1158,2335.2882,2261.3784,2307.9046,2340.7667,9332179681,196541912052.5000,3,1.445306,1,-1.403903,0
2022-02-09,2307.9356,2345.3031,2294.5518,2343.3943,2307.9046,10607096688,204053239809.5600,3,1.642588,1,1.537746,0
2022-02-10,2345.6877,2345.7218,2308.5838,2324.5004,2343.3943,9946932757,206591555134.4800,3,1.536337,1,-0.806262,0
2022-02-11,2310.4701,2320.5116,2272.9609,2276.3541,2324.5004,10544381119,212317562071.8700,3,1.628380,1,-2.071254,0
2022-02-14,2262.7558,2294.5559,2249.5779,2263.6452,2276.3541,9499145844,197600878045.8300,3,1.465703,1,-0.558301,0
2022-02-15,2267.5911,2314.8313,2266.5768,2314.5987,2263.6452,8290135928,186664830318.7700,3,1.279277,1,2.250949,0
2022-02-16,2325.6651,2330.4600,2310.8202,2317.2235,2314.5987,7907355541,165229584463.9300,3,1.220122,1,0.113402,0
2022-02-17,2313.6229,2346.1607,2307.5223,2333.2553,2317.2235,9150040246,190669679595.5100,3,1.411815,1,0.691854,0
2022-02-18,2316.4275,2332.5259,2312.9651,2332.4644,2333.2553,8333560920,161164895448.7600,3,1.285424,1,-0.033897,0
2022-02-21,2334.2921,2343.3820,2324.8476,2336.4311,2332.4644,10332250769,195523775804.5400,3,1.593603,1,0.170065,0
2022-02-22,2321.3801,2321.3801,2290.2704,2308.6601,2336.4311,10859898457,203794610978.8600,3,1.674969,1,-1.188608,0
2022-02-23,2313.6855,2363.6299,2313.6855,2363.0812,2308.6601,10923115491,236915122806.9000,3,1.684717,1,2.357259,0
2022-02-24,2347.7423,2366.8243,2283.2221,2313.7732,2363.0812,14915487154,285769571079.5500,3,2.300087,1,-2.086598,0
2022-02-25,2340.0536,2370.5803,2340.0536,2347.7902,2313.7732,10118263047,221426407241.7700,3,1.560350,1,1.470196,0
2022-02-28,2344.9974,2361.7348,2326.8559,2361.7348,2347.7902,9184495668,199005735830.2700,3,1.416350,1,0.593946,0
2022-03-01,2369.8424,2373.3998,2346.1432,2361.9850,2361.7348,9690934846,208865848945.2100,3,1.494384,1,0.010594,0
2022-03-02,2348.6971,2348.6971,2319.4644,2335.4249,2361.9850,8968224455,180288854062.8600,3,1.382944,1,-1.124482,0
2022-03-03,2344.5403,2345.8233,2300.4792,2301.6433,2335.4249,9464947209,183254247534.0100,3,1.459492,1,-1.446486,0
2022-03-04,2281.4171,2307.5703,2264.4681,2273.0902,2301.6433,9637825740,197495769115.5400,3,1.486142,1,-1.240553,0
2022-03-07,2257.4282,2257.4282,2184.6307,2193.9542,2273.0902,9930544527,208759831199.1900,3,1.531275,1,-3.481428,0
2022-03-08,2198.5071,2209.1008,2125.3508,2139.1720,2193.9542,11314948922,232251574536.8400,3,1.744249,1,-2.496962,0
2022-03-09,2147.7736,2158.7021,2031.8492,2120.5848,2139.1720,12631010292,243329035587.9300,3,1.944543,1,-0.868897,0
2022-03-10,2178.3224,2188.9342,2161.1579,2167.5772,2120.5848,10811755332,231551583966.0900,3,1.664398,1,2.216011,0
2022-03-11,2132.1132,2182.4605,2108.3031,2180.6435,2167.5772,10985096066,226636816038.5400,3,1.690441,1,0.602807,0
2022-03-14,2160.1433,2168.4744,2113.9441,2113.9441,2180.6435,9699150295,205909595550.2800,3,1.492120,1,-3.058703,0
2022-03-15,2095.0662,2126.1341,2030.8366,2030.8366,2113.9441,12277617840,242157631228.8000,3,1.888577,1,-3.931395,0
2022-03-16,2070.4891,2117.8706,1992.9345,2113.1234,2030.8366,12973948606,278395927107.7400,3,1.995516,1,4.051867,0
2022-03-17,2151.2078,2204.2758,2150.3220,2166.6947,2113.1234,13112253257,301625240076.2800,3,2.016870,1,2.535171,0
2022-03-18,2155.2436,2174.8235,2138.6539,2168.2844,2166.6947,9871861253,203850790019.5900,3,1.518436,1,0.073370,0
2022-03-21,2178.6339,2198.7902,2159.8348,2182.6543,2168.2844,10765724745,215495500265.0100,3,1.655278,1,0.662731,0
2022-03-22,2177.9070,2180.7923,2155.8290,2163.6574,2182.6543,9307437812,178573371094.8100,3,1.431591,1,-0.870358,0
2022-03-23,2174.0565,2186.9137,2158.6238,2178.3764,2163.6574,9034049576,170458453315.1900,3,1.389539,1,0.680283,0
2022-03-24,2164.7408,2174.4512,2135.1619,2159.5567,2178.3764,8767137518,170741858190.1300,3,1.348129,1,-0.863932,0
2022-03-25,2162.5970,2167.6532,2119.9836,2119.9836,2159.5567,9094320081,175483295266.7300,3,1.397505,1,-1.832464,0
2022-03-28,2103.7514,2113.6486,2081.7620,2094.3029,2119.9836,9293940509,167973846122.3600,3,1.423931,1,-1.211363,0
2022-03-29,2102.2815,2114.8898,2079.5749,2086.9008,2094.3029,9367455820,170925629154.7800,3,1.434451,1,-0.353440,0
2022-03-30,2099.8488,2149.5740,2096.9448,2149.5740,2086.9008,10210962142,197750297817.5400,3,1.564000,1,3.003171,0
2022-03-31,2141.5342,2141.5342,2114.0655,2118.8524,2149.5740,10833507230,192508839393.7100,3,1.658999,1,-1.429195,0
2022-04-01,2105.3439,2144.8822,2100.4198,2131.3283,2118.8524,10171052131,175113956072.8100,3,1.557436,1,0.588805,0
2022-04-06,2130.4246,2130.4246,2103.2792,2115.9182,2131.3283,10552320526,178206853173.6300,3,1.615718,1,-0.723028,0
2022-04-07,2104.6149,2119.5160,2077.7999,2077.7999,2115.9182,10248882145,170702746271.7600,3,1.569228,1,-1.801502,0
2022-04-08,2081.8863,2084.7361,2045.7205,2069.3031,2077.7999,10343462995,174581062802.8800,3,1.583710,1,-0.408933,0
2022-04-11,2056.0284,2056.0284,1985.4751,1992.3208,2069.3031,10948947536,198647344771.8500,3,1.676258,1,-3.720204,0
2022-04-12,1991.5687,2029.9223,1977.4930,2029.9223,1992.3208,10168578968,178449659707.5000,3,1.556662,1,1.887322,0
2022-04-13,2013.9961,2020.7029,1989.1550,1989.1550,2029.9223,9423022588,162435116249.5900,3,1.442052,1,-2.008318,0
2022-04-14,2005.6756,2016.9883,1985.3781,2003.4039,1989.1550,8931123282,174462802721.7700,3,1.366130,1,0.716329,0
2022-04-15,1987.8822,2006.3662,1970.4792,1989.5691,2003.4039,9369593595,174224238123.9900,3,1.430461,1,-0.690565,0
2022-04-18,1976.0521,2013.5751,1957.6832,2012.0706,1989.5691,8022438774,151309224564.5900,3,1.224797,1,1.130974,0
2022-04-19,2011.9709,2027.6720,1992.9565,2000.7411,2012.0706,8304243019,157727019529.8700,3,1.267649,1,-0.563077,0
2022-04-20,1999.0873,2002.1061,1953.3681,1958.3925,2000.7411,9105982307,166713271489.5400,3,1.386094,1,-2.116646,0
2022-04-21,1947.0943,1967.1021,1894.7038,1902.5291,1958.3925,10294878712,175035662696.7500,3,1.566318,1,-2.852513,0
2022-04-22,1890.9618,1905.2417,1869.6016,1885.1422,1902.5291,9103731129,155164062825.9000,3,1.384877,1,-0.913884,0
2022-04-25,1848.6977,1851.1743,1765.9819,1765.9819,1885.1422,11753021699,185836151946.5200,3,1.786680,1,-6.321024,0
2022-04-26,1770.2704,1797.6269,1732.8051,1736.8164,1765.9819,11363525582,177449141970.3300,3,1.727957,1,-1.651517,0
2022-04-27,1716.2767,1825.3194,1714.7613,1825.3194,1736.8164,12595401824,211367245575.9300,3,1.914608,1,5.095703,0
2022-04-28,1817.4210,1838.5804,1795.8920,1816.4933,1825.3194,10634433926,189925303363.1700,3,1.615436,1,-0.483537,0
2022-04-29,1830.3004,1896.9527,1818.0611,1893.9184,1816.4933,12673909568,227598804763.3000,3,1.925009,1,4.262339,0
2022-05-05,1876.5059,1916.2188,1869.0767,1897.1640,1893.9184,11160412647,212712508121.8900,3,1.693673,1,0.171370,0
2022-05-06,1848.6147,1877.6977,1843.5004,1859.6138,1897.1640,9643585223,157797324888.4700,3,1.463315,1,-1.979281,0
2022-05-09,1849.4769,1873.3821,1845.5733,1856.3523,1859.6138,8470411747,135372330369.5300,3,1.284268,1,-0.175386,0
2022-05-10,1828.9476,1894.1562,1822.5335,1889.0929,1856.3523,10351738923,180027506161.9800,3,1.569043,1,1.763706,0
2022-05-11,1891.2847,1970.2196,1890.3102,1926.4608,1889.0929,13279023588,245182471261.0700,3,2.012320,1,1.978087,0
2022-05-12,1911.3165,1941.0088,1909.7079,1927.7991,1926.4608,9604107952,159909308530.2900,3,1.454895,1,0.069469,0
2022-05-13,1940.0885,1945.5265,1915.0328,1933.7353,1927.7991,8530862121,146989909979.5600,3,1.292091,1,0.307926,0
2022-05-16,1947.1800,1960.6625,1917.2008,1922.0780,1933.7353,9731126475,156425609605.8500,3,1.471414,1,-0.602838,0
2022-05-17,1922.8465,1948.8916,1915.7683,1948.0126,1922.0780,9024573537,167066287659.6700,3,1.364400,1,1.349300,0
2022-05-18,1952.3542,1964.0860,1938.7734,1947.8248,1948.0126,9183720004,157020133074.1500,3,1.388304,1,-0.009641,0
2022-05-19,1917.8826,1958.2644,1914.7987,1958.2644,1947.8248,9940820464,168208602071.9500,3,1.501424,1,0.535962,0
2022-05-20,1968.6539,1989.8434,1961.1267,1989.1785,1958.2644,11378322948,193793010324.8600,3,1.718167,1,1.578648,0
2022-05-23,1994.5131,1996.7363,1975.2388,1995.3317,1989.1785,10671491032,179520592211.0300,3,1.610298,1,0.309334,0
2022-05-24,1991.1357,1991.1357,1921.4650,1921.4650,1995.3317,11841550537,204051453685.0600,3,1.786570,1,-3.701976,0
2022-05-25,1921.3285,1936.8578,1912.3758,1936.7894,1921.4650,9010764806,154771834161.4100,3,1.358337,1,0.797537,0
2022-05-26,1938.8455,1958.3866,1906.4565,1945.0457,1936.7894,9820674136,163331081247.3400,3,1.478246,1,0.426288,0
2022-05-27,1960.3594,1977.8814,1929.5664,1941.5867,1945.0457,9040638650,156872246260.3500,3,1.358938,1,-0.177836,0
2022-05-30,1951.8237,1964.6970,1937.3635,1962.7493,1941.5867,8423912201,151265120368.3600,3,1.265751,1,1.089964,0
2022-05-31,1963.5419,2005.3422,1945.2969,2002.7303,1962.7493,10950893003,199258423390.1400,3,1.644894,1,2.036990,0
2022-06-01,1998.4234,2018.3759,1993.5779,2009.5627,2002.7303,10198413965,186714059523.0300,3,1.531429,1,0.341154,0
2022-06-02,2001.4094,2031.8000,1995.9634,2030.1300,2009.5627,9955264332,186531253053.4100,3,1.493467,1,1.023471,0
2022-06-06,2031.7190,2095.1241,2028.2780,2093.5962,2030.1300,12586514559,254668723582.2100,3,1.886085,1,3.126214,0
2022-06-07,2095.4271,2104.6949,2075.9637,2090.9924,2093.5962,11546265270,221969748552.5800,3,1.729892,1,-0.124370,0
2022-06-08,2093.6391,2109.0413,2065.2643,2105.1568,2090.9924,11777502655,240685717473.7000,3,1.763303,1,0.677401,0
2022-06-09,2100.2156,2100.5297,2053.4117,2062.5956,2105.1568,10609013483,202398361976.4400,3,1.588298,1,-2.021759,0
2022-06-10,2050.3114,2107.0190,2048.2324,2106.5654,2062.5956,11607680191,235069862927.6300,3,1.737250,1,2.131770,0
2022-06-13,2087.6687,2116.2392,2084.8295,2107.2674,2106.5654,11834528265,249375277363.9100,3,1.809138,1,0.033324,0
2022-06-14,2082.1528,2105.3885,2038.0870,2104.4907,2107.2674,12424770793,249182961392.8900,3,1.898457,1,-0.131768,0
2022-06-15,2109.9464,2151.9526,2103.0099,2112.2878,2104.4907,14255927799,288813530480.3400,3,2.177906,1,0.370498,0
2022-06-16,2113.1954,2145.8084,2113.1954,2124.6092,2112.2878,13348622568,245996771854.0000,3,2.039553,1,0.583320,0
2022-06-17,2107.4616,2162.8949,2105.1673,2158.1463,2124.6092,12497184601,266313750975.1100,3,1.908281,1,1.578507,0
2022-06-20,2172.5835,2206.5060,2167.6683,2189.8720,2158.1463,12827917280,283749616058.7800,3,1.958279,1,1.470044,0
2022-06-21,2189.9247,2198.4128,2155.2106,2177.4586,2189.8720,13385742965,256024752888.2900,3,2.042208,1,-0.566855,0
2022-06-22,2179.7021,2184.4386,2148.4417,2149.2853,2177.4586,12398436631,243507379184.9800,3,1.890329,1,-1.293862,0
2022-06-23,2154.7160,2200.2497,2135.5111,2200.2497,2149.2853,13435648827,266724691925.1600,3,2.048472,1,2.371225,0
2022-06-24,2206.9927,2232.0969,2200.1383,2231.2112,2200.2497,13564615944,279510588909.0400,3,2.065656,1,1.407181,0
2022-06-27,2242.2941,2270.2600,2241.6441,2255.2158,2231.2112,14221221087,302480666878.3800,3,2.165597,1,1.075855,0
2022-06-28,2254.5754,2285.2160,2232.8314,2281.5026,2255.2158,14337744536,294143004207.0500,3,2.183299,1,1.165600,0
2022-06-29,2271.7735,2281.6690,2222.3892,2223.6733,2281.5026,15341513660,317379564690.6600,3,2.336062,1,-2.534702,0
2022-06-30,2227.9368,2272.6991,2227.9368,2257.5619,2223.6733,12665506507,267880100836.3000,3,1.927912,1,1.523992,0
2022-07-01,2258.5141,2267.6689,2241.1549,2250.2584,2257.5619,11239387146,249894569164.3900,3,1.710083,1,-0.323513,0
2022-07-04,2243.5669,2285.6625,2229.7662,2285.6625,2250.2584,12465207305,297060135684.8800,3,1.891887,1,1.573335,0
2022-07-05,2291.6297,2301.9314,2241.7177,2274.7595,2285.6625,13236460036,300433431877.5700,3,2.008138,1,-0.477017,0
2022-07-06,2268.3004,2286.5739,2230.7415,2251.7238,2274.7595,11768080356,270533062457.1300,3,1.785333,1,-1.012665,0
2022-07-07,2254.1446,2280.9263,2235.0514,2277.6312,2251.7238,11426258348,274124083133.6100,3,1.730395,1,1.150559,0
2022-07-08,2289.2379,2296.8745,2258.6727,2260.2120,2277.6312,11469009955,266725544687.1700,3,1.734970,1,-0.764795,0
2022-07-11,2250.2318,2250.2318,2195.0007,2214.7843,2260.2120,11178338447,252123680450.8600,3,1.687489,1,-2.009887,0
2022-07-12,2214.5732,2217.0526,2167.0733,2172.7608,2214.7843,10478718807,240641605454.2200,3,1.581354,1,-1.897408,0
2022-07-13,2173.4633,2197.0430,2147.8658,2188.1694,2172.7608,10041933179,228238233581.0600,3,1.515400,1,0.709171,0
2022-07-14,2182.9249,2235.3661,2177.9071,2219.7976,2188.1694,10449758659,243858525565.8000,3,1.576942,1,1.445418,0
2022-07-15,2213.4970,2238.7137,2189.7234,2189.7234,2219.7976,11728929088,258393434919.8700,3,1.769978,1,-1.354817,0
2022-07-18,2199.0469,2216.4403,2169.1861,2211.5175,2189.7234,11203710891,251162247674.8400,3,1.689758,1,0.995290,0
2022-07-19,2210.8325,2220.9564,2189.0084,2205.1057,2211.5175,11261932118,233396123756.7200,3,1.698649,1,-0.289928,0
2022-07-20,2214.8687,2229.3948,2210.0102,2219.9907,2205.1057,11073177425,224323330771.7400,3,1.670146,1,0.675024,0
2022-07-21,2214.5846,2229.8628,2202.9477,2202.9477,2219.9907,11394901197,233201051642.7500,3,1.718345,1,-0.767706,0
2022-07-22,2212.2297,2219.7149,2170.0229,2189.3073,2202.9477,10708598229,216595061478.2300,3,1.614828,1,-0.619189,0
2022-07-25,2186.7266,2193.3296,2156.5574,2164.0037,2189.3073,10343046044,197384705205.5300,3,0.000000,1,-1.155781,0
2022-07-26,2166.3552,2190.4461,2153.9520,2183.0257,2164.0037,9204247069,186043422443.7400,3,1.387562,1,0.879019,0
2022-07-27,2179.1876,2194.8742,2170.0368,2189.7308,2183.0257,9665350876,194487206784.3800,3,1.455768,1,0.307147,0
2022-07-28,2203.3839,2219.0393,2190.9577,2195.4712,2189.7308,11606206879,237943395477.3300,3,1.748033,1,0.262151,0
2022-07-29,2197.4826,2202.9517,2168.3315,2171.7947,2195.4712,10996410558,228428108770.6000,3,1.656190,1,-1.078425,0
2022-08-01,2166.8707,2206.8187,2150.6072,2205.8628,2171.7947,10685012384,239022125437.0700,3,0.000000,1,1.568661,0
2022-08-02,2176.6332,2183.2201,2132.4481,2153.2620,2205.8628,14339148308,272902148316.8900,3,2.153625,1,-2.384591,0
2022-08-03,2160.3903,2185.5098,2122.2878,2129.9134,2153.2620,12656025219,260196167882.2700,3,1.900834,1,-1.084336,0
2022-08-04,2143.6734,2152.6090,2117.7706,2142.9979,2129.9134,9636882863,204303230206.8200,3,1.447348,1,0.614321,0
2022-08-05,2148.8130,2182.4522,2141.1977,2180.7736,2142.9979,11036798520,236653199607.3400,3,1.657597,1,1.762750,0
2022-08-08,2176.1364,2191.8327,2169.3918,2191.3608,2180.7736,10066722103,224605662079.1100,3,1.511890,1,0.485479,0
2022-08-09,2187.1237,2197.5199,2177.8536,2197.4796,2191.3608,9609422168,219658090742.6500,3,1.442223,1,0.279224,0
2022-08-10,2191.9823,2199.4336,2168.2813,2178.9616,2197.4796,9957371962,226574766650.9200,3,1.494336,1,-0.842693,0
2022-08-11,2190.9524,2223.8935,2178.8775,2223.6409,2178.9616,12104084009,255890956766.8500,3,1.816500,1,2.050486,0
2022-08-12,2219.6474,2223.7469,2205.8028,2206.1143,2223.6409,11018982330,215930071266.2400,3,1.653529,1,-0.788194,0
2022-08-15,2202.3308,2231.2792,2201.9108,2221.3203,2206.1143,10581543306,233495497069.8700,3,1.587886,1,0.689266,0
2022-08-16,2223.7344,2243.1196,2218.4301,2226.8675,2221.3203,10857116672,234672337715.3800,3,1.629333,1,0.249725,0
2022-08-17,2228.9742,2249.7055,2212.7067,2246.5633,2226.8675,12178935342,255860902990.1100,3,1.827522,1,0.884462,0
2022-08-18,2240.6451,2248.5016,2235.9934,2241.7190,2246.5633,11504645272,238818883448.5100,3,1.726216,1,-0.215632,0
2022-08-19,2241.2529,2243.3093,2205.5964,2205.5964,2241.7190,12182662310,244942954502.3800,3,1.827842,1,-1.611379,0
2022-08-22,2198.8602,2235.8872,2192.4282,2235.0159,2205.5964,10742607325,234327575206.9000,3,1.611458,1,1.333857,0
2022-08-23,2231.5263,2243.2835,2222.8756,2233.1656,2235.0159,10117491373,219459249991.5800,3,1.517770,1,-0.082787,0
2022-08-24,2239.6830,2241.3995,2157.2768,2160.3530,2233.1656,12236162736,256167218361.7900,3,1.835556,1,-3.260511,0
2022-08-25,2167.7645,2171.7131,2127.7363,2153.2315,2160.3530,9843798794,208488543432.7400,3,1.474673,1,-0.329645,0
2022-08-26,2160.1394,2175.0037,2138.8833,2142.9565,2153.2315,9308709263,201672340977.1800,3,1.394388,1,-0.477190,0
2022-08-29,2113.5163,2145.2745,2109.8846,2138.8871,2142.9565,8982858678,181285671098.7300,3,1.288223,1,-0.189897,0
2022-08-30,2139.1828,2143.7393,2119.1927,2131.0189,2138.8871,9261535569,179170849156.2900,3,1.327736,1,-0.367864,0
2022-08-31,2117.9725,2127.9909,2077.7699,2087.5290,2131.0189,10866610988,229480282524.8600,3,1.557611,1,-2.040803,0
2022-09-01,2084.1848,2103.7488,2065.3563,2068.3237,2087.5290,8452617649,172863635014.0200,3,1.211591,1,-0.920002,0
2022-09-02,2076.1205,2083.6288,2059.6393,2072.5455,2068.3237,8008431124,162674855872.1000,3,1.147674,1,0.204117,0
2022-09-05,2067.0120,2078.9580,2053.9669,2067.0792,2072.5455,7864181288,162741558984.7100,3,1.125107,1,-0.263748,0
2022-09-06,2071.5140,2090.1729,2053.5969,2089.4340,2067.0792,8461768331,191025470914.9300,3,1.210881,1,1.081468,0
2022-09-07,2078.8891,2114.3616,2075.9144,2102.8620,2089.4340,8302578544,186210055949.4600,3,1.187965,1,0.642662,0
2022-09-08,2104.1302,2104.1302,2077.3925,2078.9012,2102.8620,7922659322,160813498055.0300,3,1.133640,1,-1.139438,0
2022-09-09,2085.3489,2098.1400,2075.5206,2096.8483,2078.9012,7869983081,159891408252.9500,3,1.126172,1,0.863297,0
2022-09-13,2107.9172,2112.6689,2093.5530,2103.5873,2096.8483,8054408358,161362449068.3400,3,1.151650,1,0.321387,0
2022-09-14,2072.4834,2087.5034,2064.4751,2078.3723,2103.5873,7435941455,159309388422.4100,3,1.063199,1,-1.198667,0
2022-09-15,2087.2126,2088.7861,2002.2413,2019.5553,2078.3723,9782117381,208042068932.1400,3,1.398658,1,-2.829955,0
2022-09-16,2014.2619,2020.6123,1976.5211,1976.5211,2019.5553,9110390545,178874461476.7000,3,1.302622,1,-2.130875,0
2022-09-19,1973.7309,1990.5762,1955.7770,1965.8194,1976.5211,7075646111,143138124656.3800,3,1.011655,1,-0.541441,0
2022-09-20,1978.8212,2002.2587,1969.8166,1984.2294,1965.8194,6570057747,149022135348.0500,3,0.939353,1,0.936505,0
2022-09-21,1975.4948,1976.7186,1951.4261,1966.8079,1984.2294,6534148223,133111527399.2800,3,0.934192,1,-0.877998,0
2022-09-22,1951.2836,1978.7070,1947.7285,1954.9233,1966.8079,6308371962,131496054998.3700,3,0.901905,1,-0.604258,0
2022-09-23,1954.8346,1961.5369,1910.8366,1931.9901,1954.9233,6964492348,141761021238.9300,3,0.995733,1,-1.173100,0
2022-09-26,1917.5334,1960.9554,1914.3458,1929.5122,1931.9901,6836203225,143773369670.4500,3,0.977283,1,-0.128256,0
2022-09-27,1936.3325,1967.5711,1930.6524,1967.5711,1929.5122,7065376299,145770709524.7500,3,1.009889,1,1.972462,0
2022-09-28,1961.1721,1961.1721,1915.0160,1915.0160,1967.5711,6669421329,137264580740.3500,3,0.953235,1,-2.671065,0
2022-09-29,1937.0317,1945.5550,1913.9456,1923.9303,1915.0160,6315457639,131437712461.1500,3,0.902232,1,0.465495,0
2022-09-30,1923.8735,1927.9589,1890.1258,1890.4769,1923.9303,5967558030,126604540048.4200,3,0.852397,1,-1.738805,0
2022-10-10,1891.4655,1894.0031,1841.2284,1845.6516,1890.4769,6696916719,136459587082.0800,3,0.956529,1,-2.371111,0
2022-10-11,1853.2273,1867.3501,1843.5481,1859.1156,1845.6516,6177188633,132034717811.5500,3,0.882091,1,0.729498,0
2022-10-12,1857.7557,1911.1842,1827.7692,1911.1770,1859.1156,7912793692,170213025282.9900,3,1.129931,1,2.800332,0
2022-10-13,1897.0843,1933.5213,1892.6403,1913.9058,1911.1770,7981240803,159643802562.5800,3,1.138144,1,0.142781,0
2022-10-14,1932.9787,1980.9947,1925.8184,1970.3084,1913.9058,9308225534,209761937150.0600,3,1.326311,1,2.946989,0
2022-10-17,1960.0900,1983.5751,1956.8934,1981.1966,1970.3084,8466064298,182421761095.8300,3,1.206313,1,0.552614,0
2022-10-18,1992.8324,2004.5354,1977.1003,1989.2381,1981.1966,8147835086,174254302933.6500,3,1.160935,1,0.405891,0
2022-10-19,1983.9346,1995.1713,1966.8216,1966.8216,1989.2381,7432819793,163002399666.0600,3,1.059057,1,-1.126889,0
2022-10-20,1953.3769,1984.1324,1926.9539,1953.9625,1966.8216,8302745876,179147424905.3600,3,1.183003,1,-0.653801,0
2022-10-21,1951.1134,1960.0833,1938.1391,1948.1538,1953.9625,7043829016,146841182718.1100,3,0.000000,1,-0.297278,0
2022-10-24,1947.7361,1974.6522,1903.1712,1914.7204,1948.1538,9344481507,192671635067.5400,3,1.331427,1,-1.716158,0
2022-10-25,1906.0796,1925.5753,1878.3248,1904.3407,1914.7204,8949688359,181523663836.0500,3,1.275169,1,-0.542100,0
2022-10-26,1908.2630,1961.7469,1905.9635,1941.6981,1904.3407,10661328050,218636819849.4800,3,1.519032,1,1.961697,0
2022-10-27,1945.3069,1953.5063,1929.4374,1929.4374,1941.6981,10761953396,222597746605.4700,3,1.533271,1,-0.631442,0
2022-10-28,1911.9574,1920.9997,1857.9696,1863.9315,1929.4374,10691786746,214043752365.3300,3,1.523263,1,-3.395078,0
2022-10-31,1848.0699,1894.3808,1847.8433,1874.3905,1863.9315,10378308038,203960539416.1600,3,1.478405,1,0.561126,0
2022-11-01,1877.3097,1931.2166,1870.3721,1931.2166,1874.3905,11077869817,228975032628.6000,3,1.578067,1,3.031711,0
2022-11-02,1926.6423,1970.1170,1923.6943,1958.1934,1931.2166,11885078461,236878729787.9700,3,1.686834,1,1.396881,0
2022-11-03,1938.1335,1961.9873,1935.9030,1956.5125,1958.1934,9449038834,196002586135.7600,3,1.341088,1,-0.085839,0
2022-11-04,1957.9003,2021.1455,1957.9003,2014.4717,1956.5125,11658593940,255994707330.2400,3,1.654630,1,2.962373,0
2022-11-07,2013.3666,2028.0712,1999.6268,2014.0071,2014.4717,10325667619,220037242599.9400,3,1.465455,1,-0.023063,0
2022-11-08,2012.8043,2015.0650,1986.6112,2002.9467,2014.0071,8610515619,177003915208.7700,3,1.221550,1,-0.549174,0
2022-11-09,2001.8984,2009.7079,1983.6464,1984.4813,2002.9467,8065769689,160528970628.6500,3,1.144223,1,-0.921912,0
2022-11-10,1967.5042,1973.4010,1943.1351,1953.5972,1984.4813,9216638751,176298612807.4500,3,1.307487,1,-1.556281,0
2022-11-11,2008.6482,2013.4231,1982.7063,1985.6305,1953.5972,13324275611,258519553613.7600,3,1.890145,1,1.639709,0
2022-11-14,1987.1697,2000.7149,1965.7906,1974.2419,1985.6305,11532477025,229407440889.7600,3,1.635461,1,-0.573551,0
2022-11-15,1971.8024,2018.6572,1967.1144,2018.6572,1974.2419,11742152778,240984625066.5700,3,1.665116,1,2.249740,0
2022-11-16,2015.5645,2024.0434,1993.1181,1996.2824,2018.6572,10081984613,205630023197.7500,3,1.429482,1,-1.108400,0
2022-11-17,1990.0718,1995.0003,1966.4417,1995.0003,1996.2824,9924300178,199426678163.0500,3,1.407105,1,-0.064224,0
2022-11-18,1996.3052,2010.5458,1983.8639,1985.6955,1995.0003,11424030641,221063090497.5100,3,1.619352,1,-0.466406,0
2022-11-21,1970.1036,1985.2636,1960.5809,1984.5445,1985.6955,9222085244,174878549358.7900,3,1.307185,1,-0.057965,0
2022-11-22,1979.5357,1981.0877,1944.3596,1952.0126,1984.5445,8840545463,168069419978.5000,3,1.253046,1,-1.639263,0
2022-11-23,1946.1056,1955.9062,1915.8414,1945.6940,1952.0126,8227754077,164605432206.8500,3,1.166110,1,-0.323697,0
2022-11-24,1952.0313,1958.8886,1939.5508,1944.7702,1945.6940,6825743039,144824040352.1500,3,0.967399,1,-0.047479,0
2022-11-25,1938.9578,1938.9578,1923.4740,1925.1733,1944.7702,7020649419,134407568352.7600,3,0.994790,1,-1.007672,0
2022-11-28,1890.5923,1913.4388,1886.7800,1912.9010,1925.1733,7844698786,148024117286.8400,3,1.111559,1,-0.637465,0
2022-11-29,1918.0352,1953.0635,1917.9356,1947.2590,1912.9010,9919310216,185479705824.7900,3,1.403183,1,1.796120,0
2022-11-30,1944.5440,1956.4835,1939.8436,1951.7421,1947.2590,9222710842,179674984952.9900,3,1.302689,1,0.230226,0
2022-12-01,1979.5900,1991.8584,1977.1286,1978.1063,1951.7421,10744120116,219898947382.1200,3,1.517573,1,1.350803,0
2022-12-02,1973.9257,1994.1590,1970.1823,1977.6452,1978.1063,8601166601,166416628335.8300,3,1.214882,1,-0.023310,0
2022-12-05,1987.1795,1989.4302,1974.0424,1982.7330,1977.6452,10784747607,209032817520.6800,3,1.523288,1,0.257266,0
2022-12-06,1974.5993,2006.7753,1973.1902,1994.0003,1982.7330,9869292507,206474953373.1000,3,1.393943,1,0.568271,0
2022-12-07,1987.9088,2014.1702,1987.2548,2001.3168,1994.0003,9631982301,207645775268.3900,3,1.360445,1,0.366926,0
2022-12-08,1998.4411,2002.7735,1987.1747,1993.3025,2001.3168,9167010444,176672945471.6300,3,1.294795,1,-0.400451,0
2022-12-09,1993.8221,2005.3959,1982.2335,2003.7979,1993.3025,10492213884,205299800430.4400,3,1.481957,1,0.526533,0
2022-12-12,1996.5433,2004.9390,1989.4940,1994.8621,2003.7979,9327857163,187206539386.2200,3,1.326953,1,-0.445943,0
2022-12-13,1995.6512,1995.8401,1974.9854,1975.9609,1994.8621,8789643247,172092230334.8700,3,1.250476,1,-0.947494,0
2022-12-14,1981.0339,1985.5392,1967.9963,1972.0355,1975.9609,8381364712,170325298463.1100,3,1.191642,1,-0.198658,0
2022-12-15,1969.2123,1987.9079,1968.7989,1986.3634,1972.0355,7748286484,163496621167.3700,3,1.101325,1,0.726554,0
2022-12-16,1974.4955,1979.9484,1957.9367,1967.3979,1986.3634,7576417368,149413741935.3400,3,1.076805,1,-0.954785,0
2022-12-19,1965.2508,1974.0856,1931.4049,1938.5017,1967.3979,8232012095,158301475051.9200,3,1.165637,1,-1.468752,0
2022-12-20,1933.9536,1933.9536,1905.2428,1911.8784,1938.5017,6623307917,132229803687.6600,3,0.937830,1,-1.373396,0
2022-12-21,1913.8135,1919.1859,1895.4561,1903.4386,1911.8784,5893271801,115229423321.6100,3,0.834358,1,-0.441440,0
2022-12-22,1914.3748,1920.9648,1886.3126,1892.0105,1903.4386,6971068396,136570520462.7600,3,0.986926,1,-0.600392,0
2022-12-23,1881.3531,1896.7743,1874.9786,1885.1557,1892.0105,6106240908,118583432741.2200,3,0.864482,1,-0.362302,0
2022-12-26,1887.1908,1920.0341,1887.1908,1918.3362,1885.1557,6457555610,134921081795.2900,3,0.914218,1,1.760093,0
2022-12-27,1923.1237,1939.8399,1916.9043,1937.8632,1918.3362,7012486894,141816510824.4100,3,0.992766,1,1.017913,0
2022-12-28,1928.6596,1930.4500,1914.2144,1920.0607,1937.8632,7136721466,141085279712.3600,3,1.009841,1,-0.918666,0
2022-12-29,1914.5487,1936.1072,1912.9808,1922.0162,1920.0607,6473104969,128362744054.5400,3,0.915228,1,0.101846,0
2022-12-30,1931.4892,1935.7284,1923.4273,1923.4273,1922.0162,6518110629,124744991809.8600,3,0.921577,1,0.073418,0
2023-01-03,1920.9671,1950.0089,1906.5196,1946.5605,1923.4273,9027345709,173942943915.8600,3,1.276342,1,1.202707,0
2023-01-04,1942.7831,1945.5770,1923.6862,1933.8266,1946.5605,8538789712,171898550982.7600,3,1.205522,1,-0.654174,0
2023-01-05,1939.7988,1974.5560,1938.8428,1972.1677,1933.8266,9364853815,198510843107.7400,3,1.322188,1,1.982654,0
2023-01-06,1969.7211,1994.0524,1968.2197,1980.0067,1972.1677,9192885450,193857503990.9100,3,1.297908,1,0.397481,0
2023-01-09,1987.2930,2002.9038,1986.0946,1993.8684,1980.0067,8504930454,186013087877.0300,3,1.200772,1,0.700083,0
2023-01-10,1995.4564,2010.3701,1987.2172,2007.6601,1993.8684,8302465642,175221848449.2000,3,1.171892,1,0.691706,0
2023-01-11,2006.2745,2013.9837,1987.7729,1989.9749,2007.6601,7931770885,163694547494.7300,3,1.119543,1,-0.880886,0
2023-01-12,1995.7184,2009.2352,1989.1217,1996.2453,1989.9749,8036031688,155118444171.8200,3,1.134242,1,0.315099,0
2023-01-13,2005.6457,2016.0065,1997.9128,2016.0065,1996.2453,7982348940,165142588928.6500,3,1.126664,1,0.989918,0
2023-01-16,2016.5728,2061.6577,2016.5120,2044.7082,2016.0065,11371651680,221297498532.4400,3,1.604866,1,1.423691,0
2023-01-17,2046.7071,2055.6924,2040.9144,2050.1367,2044.7082,8377027212,160609611357.5800,3,1.182292,1,0.265490,0
2023-01-18,2051.9791,2059.2449,2045.9985,2050.3647,2050.1367,7815881442,139258660092.8900,3,1.103098,1,0.011121,0
2023-01-19,2048.4376,2070.3897,2042.7075,2070.3897,2050.3647,8018826302,155122863431.1300,3,1.131619,1,0.976656,0
2023-01-20,2075.3191,2084.0829,2073.2133,2082.4872,2070.3897,8603843544,168671591416.9000,3,1.213976,1,0.584310,0
2023-01-30,2126.4709,2133.0507,2104.6573,2106.5737,2082.4872,12270686997,254838917832.8100,3,1.729604,1,1.156622,0
2023-01-31,2103.4459,2110.5787,2090.3282,2093.1352,2106.5737,11050895544,203062167438.9300,3,1.557666,1,-0.637932,0
2023-02-01,2099.6279,2123.1208,2091.6889,2123.1208,2093.1352,12066915036,220769290851.8500,3,1.700877,1,1.432569,0
2023-02-02,2127.7872,2134.8078,2115.9748,2119.5381,2123.1208,11544568101,217646711912.9800,3,1.627250,1,-0.168747,0
2023-02-03,2113.2590,2117.9192,2081.7685,2109.7097,2119.5381,10186457334,189086730892.2900,3,1.435816,1,-0.463705,0
2023-02-06,2097.0441,2100.7214,2075.5241,2089.4910,2109.7097,9953455182,189745174112.3600,3,1.402967,1,-0.958364,0
2023-02-07,2093.7421,2097.0699,2078.1325,2089.4633,2089.4910,10450128876,182933330639.4200,3,1.472973,1,-0.001326,0
2023-02-08,2091.3931,2095.0209,2075.6922,2077.7539,2089.4633,9464216031,173240345145.9600,3,1.334006,1,-0.560402,0
2023-02-09,2071.6220,2111.3384,2068.0252,2111.3384,2077.7539,10157952192,195324849658.1000,3,1.431857,1,1.616385,0
2023-02-10,2108.1800,2113.1528,2084.2182,2095.2370,2111.3384,10574977556,192374506704.5400,3,1.490456,1,-0.762616,0
2023-02-13,2092.5084,2114.5859,2090.0805,2114.5497,2095.2370,11448327857,211177017598.1100,3,1.613481,1,0.921743,0
2023-02-14,2120.3867,2120.3867,2099.2960,2109.6876,2114.5497,9994135537,184164838563.6200,3,1.408530,1,-0.229935,0
2023-02-15,2110.0726,2115.4714,2097.3447,2104.8467,2109.6876,10645407433,203467461397.6100,3,1.500300,1,-0.229461,0
2023-02-16,2104.9826,2121.2137,2060.3638,2074.5717,2104.8467,15404309941,256781398087.7900,3,2.170978,1,-1.438347,0
2023-02-17,2072.9860,2076.2703,2035.5269,2035.7235,2074.5717,11333262646,204828159552.3900,3,0.000000,1,-1.872589,0
2023-02-20,2034.7688,2069.4401,2024.5977,2069.4401,2035.7235,11411732271,212005928294.9600,3,1.608138,1,1.656247,0
2023-02-21,2067.3804,2077.0284,2055.0873,2069.3747,2069.4401,10819539586,188043342429.6100,3,1.524686,1,-0.003160,0
2023-02-22,2056.4256,2069.0794,2053.5741,2059.1520,2069.3747,9045465365,162274962580.6900,3,1.273966,1,-0.493999,0
2023-02-23,2058.1030,2067.6825,2046.5529,2055.6259,2059.1520,9178129487,166874302399.2200,3,1.292651,1,-0.171240,0
2023-02-24,2057.6526,2058.0479,2033.7173,2039.9439,2055.6259,7963162365,150837768842.0000,3,1.121531,1,-0.762882,0
2023-02-27,2031.5554,2039.8265,2017.4342,2022.2807,2039.9439,8236066734,156454991861.5800,3,1.159712,1,-0.865867,0
2023-02-28,2029.5879,2039.6652,2017.6481,2038.3638,2022.2807,8657051823,160074890167.4200,3,1.218989,1,0.795295,0
2023-03-01,2038.1731,2059.7934,2030.9297,2057.9087,2038.3638,10854205931,191844945007.4200,3,1.528199,1,0.958852,0
2023-03-02,2057.2033,2061.7322,2042.4122,2044.6722,2057.9087,10826131058,192621564790.2700,3,1.524399,1,-0.643202,0
2023-03-03,2047.0600,2053.3537,2030.2754,2044.1110,2044.6722,9593377600,169081871055.8800,3,1.350814,1,-0.027447,0
2023-03-06,2044.4825,2051.8607,2026.1103,2048.4434,2044.1110,9843651448,196867948703.9800,3,1.385660,1,0.211945,0
2023-03-07,2044.8990,2046.9490,2005.9954,2006.2756,2048.4434,9881305964,176323656168.8900,3,1.390967,1,-2.058529,0
2023-03-08,1999.5186,2010.3069,1995.9526,2007.0794,2006.2756,7457543042,140681380875.3400,3,1.049782,1,0.040064,0
2023-03-09,2008.5253,2014.4607,1996.4574,2004.0611,2007.0794,7639112111,147489333403.1500,3,1.075331,1,-0.150383,0
2023-03-10,1993.0864,2001.2212,1981.2038,1984.5637,2004.0611,8737278121,169793728478.7300,3,1.229801,1,-0.972894,0
2023-03-13,1977.1759,1991.0720,1972.3234,1991.0720,1984.5637,9443718202,175587606894.3900,3,1.329229,1,0.327946,0
2023-03-14,1987.7838,1988.7630,1950.8337,1977.7194,1991.0720,10391415026,201108725810.7300,3,1.462619,1,-0.670624,0
2023-03-15,1989.2288,2002.0334,1975.6916,1976.9734,1977.7194,8833059196,167113304445.4500,3,1.243276,1,-0.037720,0
2023-03-16,1963.5399,1969.6737,1940.6684,1943.7815,1976.9734,9755453770,177205166599.6300,3,1.373103,1,-1.678925,0
2023-03-17,1958.0292,1971.5803,1947.8920,1953.3386,1943.7815,12211215124,225399141376.3900,3,1.718743,1,0.491676,0
2023-03-20,1956.2532,1969.6224,1946.4632,1953.2066,1953.3386,13712606131,242606980449.1000,3,1.939118,1,-0.006758,0
2023-03-21,1955.0289,1984.4125,1955.0289,1984.4125,1953.2066,11365091305,202771279654.0700,3,1.605320,1,1.597675,0
2023-03-22,1991.4647,2001.1136,1988.0732,1997.7881,1984.4125,13499799238,236385819676.8100,3,1.905985,1,0.674033,0
2023-03-23,1991.1030,2016.9482,1988.3869,2016.9482,1997.7881,14192380124,256372104813.9100,3,2.003765,1,0.959066,0
2023-03-24,2019.9500,2028.7031,2015.4218,2027.9320,2016.9482,15692734194,279765497641.4200,3,2.215431,1,0.544575,0
2023-03-27,2026.9673,2041.9103,2022.2819,2040.8385,2027.9320,16594299363,313059878083.1200,3,2.342547,1,0.636437,0
2023-03-28,2037.2933,2038.0423,2017.9331,2020.5808,2040.8385,13997868550,261935558108.4200,3,1.976037,1,-0.992617,0
2023-03-29,2022.7589,2033.1188,2016.5744,2022.9597,2020.5808,12761890718,253281116474.3500,3,1.800486,1,0.117733,0
2023-03-30,2022.9189,2032.3069,2010.3998,2031.2886,2022.9597,11588964205,232608622277.5400,3,1.634999,1,0.411719,0
2023-03-31,2033.4170,2051.8302,2031.0511,2050.3722,2031.2886,13596451677,259838677606.4000,3,1.913315,1,0.939482,0
2023-04-03,2053.8329,2085.4617,2053.8329,2084.4596,2050.3722,17796952387,362661293874.1600,3,2.504406,1,1.662498,0
2023-04-04,2082.4864,2084.6444,2063.3325,2075.4443,2084.4596,17058091691,369208585311.7700,3,2.400175,1,-0.432501,0
2023-04-06,2060.6118,2082.1054,2058.9178,2080.1088,2075.4443,14850624514,323055841493.8700,3,2.089520,1,0.224747,0
2023-04-07,2079.3186,2102.7826,2077.8251,2100.5830,2080.1088,13464176520,280221512110.1400,3,1.894429,1,0.984285,0
2023-04-10,2106.8493,2109.5400,2074.9747,2079.8203,2100.5830,14718519359,318811847182.0000,3,2.069170,1,-0.988426,0
2023-04-11,2079.6345,2090.3067,2070.0304,2081.3891,2079.8203,13570350241,278383805641.1100,3,1.907793,1,0.075430,0
2023-04-12,2080.4326,2090.1059,2072.9693,2085.9290,2081.3891,14330334648,285310221448.8400,3,2.014607,1,0.218119,0
2023-04-13,2077.0618,2079.4267,2057.9271,2059.6449,2085.9290,14335188785,279317437063.6900,3,2.015261,1,-1.260067,0
2023-04-14,2063.1970,2078.7569,2058.4480,2076.0226,2059.6449,13273809878,287312953690.8700,3,1.866002,1,0.795171,0
2023-04-17,2071.3937,2080.7643,2066.9093,2074.8297,2076.0226,12269004948,259957435843.1700,3,1.724490,1,-0.057461,0
2023-04-18,2070.0128,2079.8627,2064.7789,2074.3822,2074.8297,11824861210,261889245500.5600,3,1.655855,1,-0.021568,0
2023-04-19,2070.5392,2073.4626,2058.8467,2061.7158,2074.3822,12594009218,267824948743.9300,3,1.763417,1,-0.610611,0
2023-04-20,2058.5445,2058.5445,2041.2840,2051.9148,2061.7158,13854576668,292347744271.0200,3,1.939842,1,-0.475381,0
2023-04-21,2052.8087,2057.5578,1996.6342,1996.6901,2051.9148,14838784927,307508383455.1400,3,2.077386,1,-2.691374,0
2023-04-24,1994.9731,1997.2233,1965.4588,1975.2164,1996.6901,13654559380,281233860658.6100,3,1.910895,1,-1.075465,0
2023-04-25,1973.2654,1975.2098,1920.6516,1940.7702,1975.2164,15259052122,294289311971.0800,3,2.131248,1,-1.743920,0
2023-04-26,1933.0220,1964.8928,1932.1303,1952.9486,1940.7702,14614416105,304417869021.1800,3,2.036002,1,0.627503,0
2023-04-27,1944.6672,1965.7464,1943.1882,1957.6366,1952.9486,13689035479,267200851863.9200,3,1.907027,1,0.240047,0
2023-04-28,1957.9965,1982.3466,1957.9965,1981.9197,1957.6366,14787115192,274830581967.5400,3,2.062413,1,1.240429,0
2023-05-04,1978.5753,1982.7489,1963.9643,1971.9052,1981.9197,16179033391,269808430181.7000,3,2.256255,1,-0.505293,0
2023-05-05,1968.0136,1968.4110,1941.8432,1947.7222,1971.9052,14546684877,244620222665.0100,3,2.027528,1,-1.226377,0
2023-05-08,1951.2006,1955.1233,1941.1019,1952.5012,1947.7222,13669123666,238649486593.2000,3,1.905129,1,0.245364,0
2023-05-09,1948.2784,1953.6479,1927.8714,1928.5108,1952.5012,14623784047,244407964632.5600,3,2.037579,1,-1.228701,0
2023-05-10,1924.5510,1942.4327,1915.8206,1935.3490,1928.5108,11924483365,225320590792.2800,3,1.661471,1,0.354584,0
2023-05-11,1938.2281,1949.9071,1937.8549,1939.3377,1935.3490,11066331323,203042170161.5200,3,1.541242,1,0.206097,0
2023-05-12,1937.6250,1944.9375,1913.8456,1914.1195,1939.3377,10705043537,184257886003.4600,3,1.490916,1,-1.300351,0
2023-05-15,1917.6275,1944.8713,1914.1868,1944.8713,1914.1195,11405650333,214201310392.0600,3,1.585779,1,1.606577,0
2023-05-16,1946.5553,1947.0011,1927.6146,1932.7435,1944.8713,10325468051,197337412056.1400,3,1.434569,1,-0.623579,0
2023-05-17,1930.4398,1937.6316,1923.3932,1934.1470,1932.7435,8812023187,167174657585.2200,3,1.224351,1,0.072617,0
2023-05-18,1937.2792,1944.3614,1924.9229,1934.9162,1934.1470,10865734535,207230433565.7200,3,1.509425,1,0.039769,0
2023-05-19,1932.9033,1946.5571,1928.6048,1937.2566,1934.9162,10420499438,197596517543.9300,3,1.447270,1,0.120956,0
2023-05-22,1935.6108,1943.3279,1926.0316,1937.9643,1937.2566,9264591369,166893188650.9200,3,1.286201,1,0.036531,0
2023-05-23,1938.3896,1943.5320,1920.8181,1920.8181,1937.9643,8824752026,164954772029.5800,3,1.224656,1,-0.884753,0
2023-05-24,1914.3106,1931.3129,1907.8574,1913.1636,1920.8181,9474406466,178189926923.5200,3,1.314807,1,-0.398502,0
2023-05-25,1911.9307,1919.8812,1889.7269,1906.9497,1913.1636,10105392764,192458880342.0400,3,1.402218,1,-0.324797,0
2023-05-26,1905.8163,1909.6432,1887.9846,1906.1033,1906.9497,8891176818,180160873449.2900,3,1.233537,1,-0.044385,0
2023-05-29,1912.1177,1914.5573,1883.3742,1888.6422,1906.1033,11993180001,224885854209.2400,3,1.662173,1,-0.916063,0
2023-05-30,1884.1056,1900.7880,1868.3182,1900.7880,1888.6422,12059455907,228081449781.6600,3,1.671202,1,0.643097,0
2023-05-31,1897.7052,1897.7052,1878.6065,1889.6916,1900.7880,10852365604,212024787947.1600,3,1.503329,1,-0.583779,0
2023-06-01,1884.6219,1915.8046,1879.4621,1901.6735,1889.6916,12045835808,227623850517.9600,3,1.668311,1,0.634066,0
2023-06-02,1907.1436,1928.4715,1905.4786,1925.1921,1901.6735,11146201999,216611470860.5800,3,1.543158,1,1.236732,0
2023-06-05,1924.3969,1924.7430,1908.8739,1916.3152,1925.1921,10598920161,204837294289.3700,3,1.467394,1,-0.461092,0
2023-06-06,1912.6543,1912.6543,1875.7967,1879.8232,1916.3152,11582466953,211325041498.3200,3,1.603585,1,-1.904280,0
2023-06-07,1879.4206,1883.8856,1861.7910,1866.9890,1879.8232,9586720687,182681991399.1700,3,1.327068,1,-0.682734,0
2023-06-08,1866.9236,1872.7919,1851.7822,1862.1794,1866.9890,10153218219,181377532564.6600,3,1.401600,1,-0.257613,0
2023-06-09,1863.0283,1878.8351,1858.0978,1878.8351,1862.1794,12227349770,232230226792.9300,3,1.687757,1,0.894420,0
2023-06-12,1875.0092,1900.0020,1872.7551,1892.8950,1878.8351,11878708783,223347960963.8200,3,1.649507,1,0.748331,0
2023-06-13,1890.1665,1910.8867,1890.1665,1909.5034,1892.8950,11835628694,226329754736.9100,3,1.643275,1,0.877407,0
2023-06-14,1911.8674,1917.4287,1908.4732,1910.2573,1909.5034,12510977011,231572626369.5400,3,1.737083,1,0.039481,0
2023-06-15,1914.7693,1944.8936,1914.0686,1944.4939,1910.2573,12789329957,268530645972.7800,3,1.775571,1,1.792251,0
2023-06-16,1946.0535,1970.0920,1941.0006,1968.3467,1944.4939,12701904108,254182046272.8100,3,1.758852,1,1.226684,0
2023-06-19,1969.2196,1974.2050,1965.5232,1971.7263,1968.3467,12898013738,261277200577.2900,3,1.784826,1,0.171697,0
2023-06-20,1968.8646,1986.7311,1967.8453,1980.2609,1971.7263,12572643426,265202953228.3400,3,1.737456,1,0.432849,0
2023-06-21,1972.3261,1975.6368,1928.9533,1928.9533,1980.2609,11962892172,248095860629.3000,3,1.652940,1,-2.590952,0
2023-06-26,1910.0495,1919.3905,1888.8757,1893.1659,1928.9533,11485676381,229002800162.1300,3,1.586435,1,-1.855276,0
2023-06-27,1895.3747,1910.6049,1892.9448,1907.2133,1893.1659,9253421665,177580276732.7200,3,1.278062,1,0.742006,0
2023-06-28,1903.2628,1903.2628,1868.4674,1896.0899,1907.2133,10569454069,200111456328.6500,3,1.458792,1,-0.583228,0
2023-06-29,1893.6666,1908.4392,1891.7975,1899.4135,1896.0899,10238557439,197236471264.6100,3,1.412821,1,0.175287,0
2023-06-30,1895.4989,1928.9017,1893.1435,1921.6017,1899.4135,10343364842,212800431865.3800,3,1.427029,1,1.168161,0
2023-07-03,1927.1814,1937.0031,1914.3598,1925.8781,1921.6017,11895907517,235569217878.3700,3,1.639381,1,0.222544,0
2023-07-04,1923.6298,1937.3687,1919.3262,1936.6066,1925.8781,10679951421,213191820436.1400,3,1.471024,1,0.557071,0
2023-07-05,1936.5546,1936.5546,1912.7003,1915.7408,1936.6066,9493389309,191195110268.0100,3,1.307558,1,-1.077441,0
2023-07-06,1910.6028,1924.4346,1903.4218,1905.7901,1915.7408,9497862286,186693865472.3300,3,1.307701,1,-0.519418,0
2023-07-07,1900.3981,1900.3981,1880.2235,1887.7382,1905.7901,9284734685,171323258905.1800,3,1.272656,1,-0.947213,0
2023-07-10,1893.8671,1909.4227,1892.5914,1900.6160,1887.7382,8646467405,169147697108.9000,3,1.184270,1,0.682181,0
2023-07-11,1902.0306,1916.9895,1898.9432,1916.8951,1900.6160,8413235350,167585713145.0400,3,1.152266,1,0.856517,0
2023-07-12,1916.0554,1916.1688,1892.2021,1894.3912,1916.8951,10339718335,189417619621.1500,3,1.415292,1,-1.173977,0
2023-07-13,1901.2909,1925.3318,1901.2909,1923.9302,1894.3912,10383877986,203054195079.8700,3,1.421040,1,1.559287,0
2023-07-14,1925.2457,1926.8892,1917.8150,1918.9524,1923.9302,10028402030,201865759742.7300,3,1.372388,1,-0.258731,0
2023-07-17,1913.2555,1913.2555,1898.5983,1906.1737,1918.9524,8392141257,165698730617.7400,3,1.148354,1,-0.665921,0
2023-07-18,1909.6881,1909.7708,1896.3957,1899.3126,1906.1737,8505049966,161245345815.6000,3,1.163794,1,-0.359941,0
2023-07-19,1897.3419,1902.8206,1879.7827,1888.5696,1899.3126,6974254095,135562756396.1900,3,0.954199,1,-0.565626,0
2023-07-20,1891.2705,1898.3234,1863.4557,1865.3881,1888.5696,8913538276,162734990715.3800,3,1.219557,1,-1.227463,0
2023-07-21,1861.6838,1877.1057,1857.1584,1863.3154,1865.3881,7657880433,143478405006.3800,3,1.047757,1,-0.111114,0
2023-07-24,1856.7663,1870.4272,1849.7468,1852.4621,1863.3154,7546415694,136332544054.5100,3,1.032406,1,-0.582473,0
2023-07-25,1876.4302,1892.9698,1872.7117,1892.4159,1852.4621,10669746624,197040344909.3000,3,1.459509,1,2.156794,0
2023-07-26,1889.0094,1889.0094,1879.0433,1883.0006,1892.4159,9097392156,155456979172.0300,3,1.244411,1,-0.497528,0
2023-07-27,1886.4720,1890.5540,1870.2355,1873.4140,1883.0006,9028681801,151843746231.3600,3,1.233991,1,-0.509113,0
2023-07-28,1867.7721,1901.8015,1864.0485,1898.5431,1873.4140,10964053621,185461583170.5700,3,1.498495,1,1.341353,0
2023-07-31,1905.9993,1930.7929,1905.9993,1916.6261,1898.5431,13623926897,233292238807.4200,3,1.861117,1,0.952467,0
2023-08-01,1914.2110,1919.3129,1903.5997,1910.5070,1916.6261,10648122872,184640512512.5400,3,1.454585,1,-0.319264,0
2023-08-02,1907.0829,1915.0631,1899.5645,1904.4920,1910.5070,9267537701,155786508831.1300,3,1.265952,1,-0.314838,0
2023-08-03,1898.3527,1915.3721,1898.2854,1914.8522,1904.4920,10029813452,160157762274.3700,3,1.369678,1,0.543988,0
2023-08-04,1924.1096,1939.3230,1917.7313,1929.2492,1914.8522,12786944866,215137145604.1100,3,1.746045,1,0.751860,0
2023-08-07,1924.4349,1926.0402,1912.2896,1917.4905,1929.2492,10567639682,180835548384.4700,3,1.442928,1,-0.609496,0
2023-08-08,1914.6808,1917.1509,1905.4010,1907.6280,1917.4905,8464458923,148166310717.4300,3,1.155755,1,-0.514344,0
2023-08-09,1901.8197,1908.2919,1894.6549,1897.0024,1907.6280,7762988689,141860618674.1400,3,1.059878,1,-0.557006,0
2023-08-10,1894.1549,1903.5755,1888.3275,1900.5601,1897.0024,6930867376,126897727250.8400,3,0.946154,1,0.187543,0
2023-08-11,1901.8081,1901.8081,1859.8372,1859.8372,1900.5601,8519397457,143397078857.0500,3,1.163005,1,-2.142679,0
2023-08-14,1841.0357,1853.0872,1825.7385,1851.7004,1859.8372,8201568745,150242474694.8700,3,1.119060,1,-0.437501,0
2023-08-15,1852.9695,1856.3150,1819.9523,1835.8571,1851.7004,7754948081,139346795759.7600,3,1.058118,1,-0.855608,0
2023-08-16,1829.1309,1835.7651,1814.0288,1814.0307,1835.8571,7504584191,133841368448.9300,3,1.023965,1,-1.188894,0
2023-08-17,1807.8242,1828.7947,1795.7984,1826.1928,1814.0307,7524461760,136590256921.2300,3,1.026495,1,0.670446,0
2023-08-18,1825.0688,1829.0865,1793.1736,1793.1736,1826.1928,7521010900,131112906787.9200,3,1.026023,1,-1.808089,0
2023-08-21,1789.0495,1797.8138,1769.1436,1769.1436,1793.1736,6733814529,121778583195.2800,3,0.918614,1,-1.340082,0
2023-08-22,1779.5332,1785.2186,1744.8814,1778.4205,1769.1436,8594304395,153510308900.1600,3,1.172420,1,0.524372,0
2023-08-23,1774.0410,1774.0410,1737.1945,1737.2144,1778.4205,7241805977,125145846106.1000,3,0.987907,1,-2.317005,0
2023-08-24,1746.0749,1771.2104,1737.0210,1754.3515,1737.2144,8701915484,152886640293.3500,3,1.186788,1,0.986470,0
2023-08-25,1744.2154,1746.7896,1719.7216,1726.8388,1754.3515,9074642564,151341955853.6200,3,1.237255,1,-1.568255,0
2023-08-28,1832.0257,1832.0257,1739.2275,1743.6111,1726.8388,13572215572,225679422624.9100,3,1.850716,1,0.971272,0
2023-08-29,1739.2350,1798.7859,1739.0725,1791.8200,1743.6111,13042723070,213849794698.5200,3,1.778688,1,2.764888,0
2023-08-30,1796.5792,1815.6613,1791.7722,1799.4582,1791.8200,11638646484,189940749031.6600,3,1.586437,1,0.426282,0
2023-08-31,1795.9324,1799.8713,1785.6007,1788.8974,1799.4582,9716992254,150790698448.0200,3,1.324401,1,-0.586888,0
2023-09-01,1792.5073,1801.0400,1782.6276,1788.6237,1788.8974,7429556650,119731025724.9100,3,1.012629,1,-0.015300,0
2023-09-04,1797.1067,1810.8366,1785.7208,1810.8366,1788.6237,9414091823,158185525087.3400,3,1.283117,1,1.241899,0
2023-09-05,1808.0365,1813.4616,1797.9477,1800.9159,1810.8366,8633725329,153211328496.5900,3,1.176723,1,-0.547852,0
2023-09-06,1794.3852,1802.0429,1785.9634,1799.0407,1800.9159,8072226005,147964452472.1500,3,1.100192,1,-0.104125,0
2023-09-07,1795.4858,1795.4858,1762.9238,1762.9238,1799.0407,8367109113,145137205051.1100,3,1.140383,1,-2.007564,0
2023-09-08,1755.8760,1765.1249,1748.1195,1758.2379,1762.9238,7362208028,133689856786.7700,3,1.003424,1,-0.265803,0
2023-09-11,1759.4431,1785.8745,1752.2191,1775.2792,1758.2379,9379317796,167850816739.8300,3,1.277767,1,0.969226,0
2023-09-12,1774.2306,1782.3920,1769.0362,1774.2326,1775.2792,7747139445,138025199032.6500,3,1.055411,1,-0.058954,0
2023-09-13,1769.0371,1772.2569,1739.2295,1749.4340,1774.2326,7583239339,127635976842.1000,3,1.033087,1,-1.397709,0
2023-09-14,1747.0663,1747.9519,1728.4844,1735.9998,1749.4340,6445602766,116132236313.0800,3,0.878104,1,-0.767917,0
2023-09-15,1738.3506,1747.3685,1724.2287,1729.8218,1735.9998,6937518737,132472537788.2600,3,0.945116,1,-0.355876,0
2023-09-18,1724.0494,1751.6887,1721.9784,1739.6519,1729.8218,6973582820,130296539050.7200,3,0.950021,1,0.568272,0
2023-09-19,1737.0229,1737.0229,1716.7544,1723.6326,1739.6519,6545319251,115564359441.3700,3,0.891660,1,-0.920834,0
2023-09-20,1721.1231,1724.3178,1712.5170,1712.5170,1723.6326,6286629917,109468840954.4600,3,0.855279,1,-0.644894,0
2023-09-21,1708.1173,1716.0372,1696.7983,1698.0264,1712.5170,6232955304,108473615448.5300,3,0.847976,1,-0.846158,0
2023-09-22,1696.3652,1736.4168,1694.9064,1735.7666,1698.0264,8701827973,163758003909.6400,3,1.183813,1,2.222592,0
2023-09-25,1736.7305,1736.7305,1725.2683,1728.0379,1735.7666,8247631667,150390418680.4600,3,1.122002,1,-0.445261,0
2023-09-26,1726.1088,1733.5184,1717.9848,1717.9848,1728.0379,7042828703,134648160121.4800,3,0.958098,1,-0.581764,0
2023-09-27,1717.3805,1742.7048,1717.1792,1728.6501,1717.9848,7846096626,149885733394.4600,3,1.067372,1,0.620803,0
2023-09-28,1733.4588,1737.8338,1725.5665,1731.5451,1728.6501,8077237799,145919754836.8100,3,1.098784,1,0.167472,0
2023-10-09,1729.4059,1738.4503,1713.3929,1732.2537,1731.5451,9168454088,165256549304.7800,3,1.246983,1,0.040923,0
2023-10-10,1736.3979,1743.0061,1725.5297,1726.4924,1732.2537,8697141947,158094617008.9000,3,1.183024,1,-0.332590,0
2023-10-11,1733.0124,1749.9558,1730.6415,1735.8486,1726.4924,9736674095,181974729839.0300,3,1.324073,1,0.541920,0
2023-10-12,1745.9533,1751.2856,1736.1385,1750.0530,1735.8486,10788562429,192544652692.2300,3,1.466974,1,0.818297,0
2023-10-13,1739.8656,1741.4728,1728.1023,1735.2387,1750.0530,9981386009,177800587763.7000,3,1.357008,1,-0.846506,0
2023-10-16,1735.2027,1735.2027,1701.7637,1708.4710,1735.2387,9848036424,172825842808.6000,3,1.338851,1,-1.542595,0
2023-10-17,1712.3369,1713.6301,1700.2987,1710.4158,1708.4710,8621457365,149741735162.0400,3,1.170684,1,0.113833,0
2023-10-18,1706.1786,1706.1786,1686.8929,1688.5985,1710.4158,9388822761,162403665256.5300,3,1.274883,1,-1.275555,0
2023-10-19,1678.3513,1686.0774,1663.4533,1663.5707,1688.5985,10032361064,165254426864.4800,3,1.362267,1,-1.482164,0
2023-10-20,1654.0559,1664.5692,1644.4565,1647.0034,1663.5707,9474406195,161474008310.7300,3,1.285573,1,-0.995888,0
2023-10-23,1644.1165,1644.1165,1610.7993,1619.5226,1647.0034,10133270749,159590692836.2400,3,1.374826,1,-1.668533,0
2023-10-24,1625.3096,1639.7031,1612.5346,1630.4912,1619.5226,10676056485,178782130429.4200,3,1.448460,1,0.677274,0
2023-10-25,1641.4762,1651.3271,1632.9621,1634.3685,1630.4912,11020524098,185116326550.6300,3,1.495188,1,0.237800,0
2023-10-26,1624.0642,1641.7082,1617.2338,1640.9408,1634.3685,10696906265,180765353944.7100,3,1.451280,1,0.402131,0
2023-10-27,1634.3637,1684.7955,1630.3736,1678.7822,1640.9408,11785916944,211107208877.0800,3,1.598890,1,2.306080,0
2023-10-30,1675.9463,1715.8497,1675.7116,1711.3857,1678.7822,12704262857,225243608146.6100,3,1.723455,1,1.942092,0
2023-10-31,1709.9306,1710.5428,1690.3957,1700.0762,1711.3857,10810451841,187283693201.3600,3,1.466381,1,-0.660839,0
2023-11-01,1700.3028,1702.3179,1687.7138,1691.3135,1700.0762,9270268787,155168995217.6000,3,1.257462,1,-0.515430,0
2023-11-02,1694.1326,1700.5791,1673.1073,1673.2270,1691.3135,9633240365,151688859424.4100,3,1.306656,1,-1.069376,0
2023-11-03,1675.7449,1702.6807,1675.7449,1697.8030,1673.2270,10196323574,168623993693.1500,3,1.383061,1,1.468779,0
2023-11-06,1709.8998,1744.1685,1709.8998,1742.5511,1697.8030,13619435830,233027458872.7700,3,1.847294,1,2.635647,0
2023-11-07,1738.2875,1746.7229,1730.5375,1741.0241,1742.5511,11936911535,198437507055.8000,3,1.619081,1,-0.087630,0
2023-11-08,1737.6685,1752.7057,1732.0203,1743.9084,1741.0241,12554656689,201225123673.1300,3,1.702851,1,0.165667,0
2023-11-09,1741.5162,1752.5545,1732.5761,1736.7482,1743.9084,10748874118,176184886082.8300,3,1.457912,1,-0.410583,0
2023-11-10,1729.1550,1730.9679,1721.3246,1727.0598,1736.7482,8884638490,148877551119.0300,3,1.204964,1,-0.557847,0
2023-11-13,1734.4255,1739.3044,1724.8100,1734.4602,1727.0598,9430986680,165770505308.3200,3,1.284278,1,0.428497,0
2023-11-14,1734.2233,1746.7378,1729.0724,1736.7384,1734.4602,9234949412,159717787180.6400,3,1.257574,1,0.131349,0
2023-11-15,1755.4807,1757.6822,1741.7001,1746.8348,1736.7384,10429413323,186701891605.1600,3,1.420228,1,0.581343,0
2023-11-16,1742.1589,1743.8521,1723.3143,1723.3143,1746.8348,8807475741,149499565649.6600,3,1.199249,1,-1.346464,0
2023-11-17,1718.3458,1730.4422,1717.8184,1730.4422,1723.3143,8781115738,140705351716.6700,3,1.195570,1,0.413616,0
2023-11-20,1732.2261,1743.1899,1720.9490,1739.2330,1730.4422,10348578823,166842000459.0900,3,1.408984,1,0.508009,0
2023-11-21,1743.5529,1752.3721,1727.6163,1730.5108,1739.2330,11281437303,174555940228.5700,3,1.535978,1,-0.501497,0
2023-11-22,1723.3949,1726.8301,1704.0608,1704.0608,1730.5108,11340962346,156255069070.8900,3,1.544077,1,-1.528450,0
2023-11-23,1702.0548,1717.7892,1695.6308,1717.0251,1704.0608,9692748857,137960277048.2900,3,1.319672,1,0.760789,0
2023-11-24,1717.0331,1717.0331,1691.8710,1696.0587,1717.0251,9367943061,144076580524.5000,3,1.275609,1,-1.221089,0
2023-11-27,1692.8880,1693.6966,1678.9520,1688.1452,1696.0587,8863979644,143565201295.2100,3,1.206510,1,-0.466582,0
2023-11-28,1685.9928,1695.6627,1678.8115,1695.2067,1688.1452,7683751185,123619263975.8600,3,1.045854,1,0.418299,0
2023-11-29,1693.8430,1694.4717,1678.7202,1680.2045,1695.2067,8157851371,127658986593.5800,3,1.110353,1,-0.884978,0
2023-11-30,1677.6172,1685.2069,1666.9285,1676.4244,1680.2045,8048806720,128322890897.0300,3,1.095455,1,-0.224979,0
2023-12-01,1675.6397,1687.5700,1663.1457,1682.5960,1676.4244,10147641319,158752402415.2500,3,1.381109,1,0.368141,0
2023-12-04,1681.9328,1685.0644,1672.5160,1672.5160,1682.5960,10468750793,165852813424.9500,3,1.424782,1,-0.599074,0
2023-12-05,1666.8590,1667.2005,1639.0486,1639.0486,1672.5160,9488886087,154038025489.7000,3,1.291413,1,-2.001021,0
2023-12-06,1635.5265,1663.3995,1634.8923,1651.3557,1639.0486,10299050902,165888273995.4700,3,1.401619,1,0.750869,0
2023-12-07,1648.8238,1656.9076,1637.0591,1649.1878,1651.3557,10337485527,164290888810.2200,3,0.000000,1,-0.131280,0
2023-12-08,1651.6255,1662.2953,1644.8628,1656.3333,1649.1878,11682124672,199696561938.8700,3,1.587517,1,0.433274,0
2023-12-11,1647.6396,1678.9815,1633.5993,1676.3500,1656.3333,11301901328,188790186454.9900,3,1.563799,1,1.208495,0
2023-12-12,1673.3233,1678.3566,1667.6306,1672.5528,1676.3500,9147776007,156474794229.6800,3,1.057403,1,-0.226516,0
2023-12-13,1669.2668,1669.2668,1648.4882,1648.4882,1672.5528,8510750963,143045297803.5800,3,1.177606,1,-1.438795,0
2023-12-14,1657.3325,1667.0822,1636.9919,1637.6795,1648.4882,8331091058,134817002334.9000,3,1.152752,1,-0.655673,0
2023-12-15,1643.5019,1652.4804,1627.6835,1631.2155,1637.6795,8646491899,141852660619.3300,3,1.196334,1,-0.394705,0
2023-12-18,1624.9681,1629.2880,1604.6989,1608.3899,1631.2155,8129349642,129484512189.0400,3,1.124667,1,-1.399300,0
2023-12-19,1606.7978,1621.1376,1600.6158,1612.9395,1608.3899,7117327710,119008424181.4500,3,0.984638,1,0.282867,0
2023-12-20,1615.9964,1617.0156,1588.7433,1588.7476,1612.9395,7123864673,116463901762.6000,3,0.985388,1,-1.499864,0
2023-12-21,1581.8665,1612.0138,1577.3298,1606.4679,1588.7476,8460109480,143727689765.2000,3,1.170197,1,1.115363,0
2023-12-22,1604.2782,1617.0897,1589.8101,1594.2744,1606.4679,10018431364,157178013822.6900,3,1.385754,1,-0.759025,0
2023-12-25,1590.2894,1602.1459,1589.3047,1599.0761,1594.2744,7681078025,115264446302.5700,3,1.061891,1,0.301184,0
2023-12-26,1597.6948,1597.6948,1573.1363,1579.6236,1599.0761,7066464228,110879524863.3200,3,0.976756,1,-1.216484,0
2023-12-27,1582.4434,1588.5920,1572.9590,1584.4260,1579.6236,7438929106,116797828177.9300,3,1.027681,1,0.304022,0
2023-12-28,1582.2872,1636.4745,1579.3549,1629.8811,1584.4260,10501845558,184821293604.7000,3,1.450788,1,2.868869,0
2023-12-29,1629.0815,1650.0025,1628.1903,1648.0050,1629.8811,9871881677,168898268383.4500,3,1.363797,1,1.111977,0
2024-01-02,1648.6944,1648.6944,1624.2743,1624.2743,1648.0050,8728636220,144287602272.4000,3,1.205588,1,-1.439965,0
2024-01-03,1619.8503,1624.9615,1599.6802,1608.6432,1624.2743,8242177334,136763186563.2200,3,1.138100,1,-0.962344,0
2024-01-04,1605.7704,1605.7704,1579.2025,1586.7595,1608.6432,7089676690,122150746989.7100,3,0.978927,1,-1.360382,0
2024-01-05,1585.3044,1596.8577,1556.9858,1564.6834,1586.7595,7851986524,129764979120.1900,3,1.083588,1,-1.391269,0
2024-01-08,1560.2764,1564.1989,1532.5386,1532.5386,1564.6834,7550926953,122071882100.2800,3,1.042014,1,-2.054396,0
2024-01-09,1536.4615,1552.8146,1526.1537,1536.8757,1532.5386,7836454116,129833244032.0700,3,1.081413,1,0.283001,0
2024-01-10,1530.6692,1547.9608,1514.1782,1526.4720,1536.8757,7468157913,126205881589.3400,3,1.030589,1,-0.676938,0
2024-01-11,1525.8258,1564.1385,1522.6570,1555.5851,1526.4720,8579050007,155114790823.8900,3,1.183889,1,1.907215,0
2024-01-12,1551.0144,1561.6988,1542.4634,1542.5281,1555.5851,7698728616,132152464330.9600,3,1.062404,1,-0.839363,0
2024-01-15,1535.7472,1549.4149,1526.1388,1533.6453,1542.5281,6777470126,114154359988.2700,3,0.935273,1,-0.575860,0
2024-01-16,1531.3132,1540.5985,1514.8911,1536.6168,1533.6453,7919166210,130128864976.5700,3,1.092615,1,0.193754,0
2024-01-17,1533.2953,1533.2953,1492.9022,1492.9022,1536.6168,7194216122,121876746150.7900,3,0.992568,1,-2.844860,0
2024-01-18,1482.7159,1512.5098,1464.9955,1510.7285,1492.9022,10448509145,172741322657.0200,3,1.441550,1,1.194070,0
2024-01-19,1507.2380,1520.8964,1496.4359,1497.6715,1510.7285,8235173710,140964182100.1400,3,1.136183,1,-0.864285,0
2024-01-22,1494.8094,1494.8094,1430.9715,1439.4418,1497.6715,10203691236,165251022522.7100,3,1.407745,1,-3.888015,0
2024-01-23,1437.2404,1468.0536,1426.7897,1460.6351,1439.4418,9500930336,154975666613.0700,3,1.310670,1,1.472328,0
2024-01-24,1467.0697,1472.6390,1421.1872,1470.2704,1460.6351,9970659733,155722209034.5100,3,1.374842,1,0.659665,0
2024-01-25,1465.9476,1499.8643,1456.5288,1499.6998,1470.2704,10731314739,168231211090.1900,3,1.479679,1,2.001632,0
2024-01-26,1490.5556,1497.2290,1472.2079,1475.1291,1499.6998,9961054925,153910525040.7500,3,1.373472,1,-1.638375,0
2024-01-29,1474.5975,1478.4982,1430.9952,1430.9952,1475.1291,9368482838,146513577135.5000,3,1.290390,1,-2.991867,0
2024-01-30,1421.0616,1433.6383,1392.6284,1393.8384,1430.9952,8349816053,123731267743.6000,3,1.150081,1,-2.596571,0
2024-01-31,1387.6094,1399.7061,1360.3681,1361.8689,1393.8384,10793056741,153883580143.6700,3,1.486582,1,-2.293630,0
2024-02-01,1354.9733,1392.0591,1347.2824,1367.2246,1361.8689,9988111385,140818864347.7200,3,1.375734,1,0.393261,0
2024-02-02,1367.2430,1379.2484,1292.6545,1330.0534,1367.2246,11830749350,156125544271.3000,3,1.629346,1,-2.718734,0
2024-02-05,1318.2915,1346.4007,1254.7286,1305.8940,1330.0534,14269448718,184285893871.6100,3,1.965018,1,-1.816423,0
2024-02-06,1291.3233,1399.1753,1290.2432,1396.3229,1305.8940,14969760810,196261575170.6800,3,2.061405,1,6.924674,0
2024-02-07,1397.6619,1448.1394,1394.8116,1441.2133,1396.3229,16492189971,219737153848.3000,3,2.270953,1,3.214901,0
2024-02-08,1449.0550,1496.8693,1448.6374,1469.6266,1441.2133,15528264184,217473682545.7300,3,2.138206,1,1.971485,0
2024-02-19,1493.7091,1493.7091,1463.7929,1483.8055,1469.6266,13971578678,205235726378.1400,3,1.922694,1,0.964796,0
2024-02-20,1475.6884,1485.4049,1464.4851,1482.8691,1483.8055,10964238809,169475540539.9700,3,1.508734,1,-0.063108,0
2024-02-21,1468.5760,1521.4530,1463.3418,1491.6614,1482.8691,13176181673,197841042735.0000,3,1.813109,1,0.592925,0
2024-02-22,1492.5994,1506.4936,1487.3068,1504.4809,1491.6614,10191693300,160947802608.3200,3,1.402422,1,0.859411,0
2024-02-23,1510.2234,1513.8730,1492.3565,1513.1551,1504.4809,12277398940,184962311861.9200,3,1.689422,1,0.576558,0
2024-02-26,1512.8301,1531.1791,1502.4227,1514.8108,1513.1551,12733217737,192863530379.1400,3,1.752072,1,0.109420,0
2024-02-27,1508.3608,1554.3238,1505.2658,1554.3238,1514.8108,13502322343,212964125450.2900,3,1.857879,1,2.608445,0
2024-02-28,1559.0493,1579.8301,1506.3326,1506.3326,1554.3238,18323383386,280643890834.0900,3,2.520912,1,-3.087593,0
2024-02-29,1497.8740,1558.9055,1497.8740,1558.4427,1506.3326,13868199134,227951324671.3400,3,1.907931,1,3.459402,0
2024-03-01,1560.3395,1579.2155,1550.7765,1575.3232,1558.4427,13456584715,232504573599.7500,3,1.850749,1,1.083165,0
2024-03-04,1579.4848,1586.1072,1562.2508,1580.3156,1575.3232,13542954051,232995227462.7900,3,1.862627,1,0.316913,0
2024-03-05,1567.0307,1581.5864,1560.8387,1572.7274,1580.3156,13322986822,234201498421.3700,3,1.832280,1,-0.480170,0
2024-03-06,1562.7604,1588.0013,1551.1190,1570.7641,1572.7274,11422717235,192702435965.0400,3,1.570879,1,-0.124834,0
2024-03-07,1570.9108,1579.0000,1539.9540,1539.9540,1570.7641,11583681456,190827000988.9700,3,1.593045,1,-1.961472,0
2024-03-08,1542.4878,1563.9739,1535.1089,1560.2182,1539.9540,10039829461,177648496673.7600,3,1.379788,1,1.315896,0
2024-03-11,1560.7750,1606.6804,1559.4992,1606.6804,1560.2182,12736645758,237785957551.2300,3,1.750360,1,2.977930,0
2024-03-12,1611.8273,1623.6248,1602.5912,1618.7137,1606.6804,14211300876,252227051725.8100,3,1.722702,1,0.748954,0
2024-03-13,1622.0876,1629.9289,1610.4246,1616.9985,1618.7137,14112090823,234527422149.2700,3,1.939393,1,-0.105961,0
2024-03-14,1615.6243,1626.7122,1591.1058,1603.6898,1616.9985,12535250766,216715563110.9400,3,1.722620,1,-0.823050,0
2024-03-15,1599.3186,1613.6312,1584.1147,1612.8236,1603.6898,11585361975,206331834413.3300,3,1.592097,1,0.569549,0
2024-03-18,1624.1504,1642.8519,1621.2965,1642.8519,1612.8236,14326143630,246844475813.5600,3,1.968063,1,1.861847,0
2024-03-19,1637.6739,1646.9188,1630.8024,1630.8024,1642.8519,13816466874,233195042456.3600,3,1.897925,1,-0.733450,0
2024-03-20,1626.7402,1640.4297,1626.5893,1638.9266,1630.8024,13056920782,214818906036.4100,3,1.793583,1,0.498172,0
2024-03-21,1642.7436,1648.4496,1630.6019,1633.2998,1638.9266,13838264254,221086422392.7400,3,1.900803,1,-0.343322,0
2024-03-22,1630.0048,1634.1546,1602.0360,1614.1678,1633.2998,14271173993,229533857443.5800,3,1.960268,1,-1.171371,0
2024-03-25,1609.6316,1615.4844,1580.2340,1580.5889,1614.1678,13212413828,212067671111.8700,3,1.814300,1,-2.080261,0
2024-03-26,1579.0094,1592.4113,1567.7941,1582.9407,1580.5889,11923934395,207755299537.5000,3,1.636733,1,0.148793,0
2024-03-27,1581.0733,1581.0733,1535.4670,1535.4670,1582.9407,11488640158,187346116196.3300,3,1.576752,1,-2.999083,0
2024-03-28,1534.5859,1574.4335,1534.5859,1557.3968,1535.4670,11444308811,193717826842.3500,3,1.570611,1,1.428217,0
2024-03-29,1556.7057,1567.5136,1548.5717,1567.5136,1557.3968,10142260861,164916410032.7800,3,1.391932,1,0.649597,0
2024-04-01,1576.3594,1609.1041,1576.3594,1609.1041,1567.5136,11987743819,205161462254.8700,3,1.645131,1,2.653278,0
2024-04-02,1607.7606,1607.7606,1588.8854,1597.1361,1609.1041,12566646122,200019057221.3900,3,1.723201,1,-0.743768,0
2024-04-03,1591.3071,1593.0115,1578.4508,1583.5569,1597.1361,11516150608,185473901651.1800,3,1.579150,1,-0.850222,0
2024-04-08,1578.5784,1581.8352,1556.8599,1557.0742,1583.5569,11137787835,178779066510.2500,3,1.527149,1,-1.672355,0
2024-04-09,1556.3978,1573.8418,1552.7319,1573.8416,1557.0742,9756518336,161355910903.9100,3,1.337790,1,1.076853,0
2024-04-10,1568.9411,1568.9411,1533.4736,1542.2162,1573.8416,9788904405,155562762134.6900,3,1.342228,1,-2.009440,0
2024-04-11,1531.7031,1554.6502,1531.5224,1538.8980,1542.2162,9662480047,152379551965.7100,3,1.324893,1,-0.215158,0
2024-04-12,1538.5294,1547.2751,1523.8999,1526.0221,1538.8980,9732846196,160224787097.9000,3,1.334535,1,-0.836696,0
2024-04-15,1526.5383,1550.1627,1516.2029,1538.6046,1526.0221,12083772645,184378344062.8300,3,1.656867,1,0.824529,0
2024-04-16,1528.4752,1534.4691,1495.6477,1496.5520,1538.6046,12500128549,183649451595.7300,3,1.713838,1,-2.733165,0
2024-04-17,1503.8804,1539.4861,1503.8804,1539.4861,1496.5520,11750108540,178328663905.9800,3,1.610930,1,2.868868,0
2024-04-18,1531.7908,1553.7229,1518.2874,1536.5830,1539.4861,11995686293,185564656287.3200,3,1.644607,1,-0.188576,0
2024-04-19,1525.7879,1529.3096,1504.6045,1515.5939,1536.5830,10650688037,169595368954.6100,3,1.460184,1,-1.365959,0
2024-04-22,1503.7862,1525.3640,1497.9338,1512.6819,1515.5939,9963146895,160164053467.1300,3,1.365729,1,-0.192136,0
2024-04-23,1513.2893,1521.0939,1500.9810,1508.5188,1512.6819,9539489091,155069453213.3500,3,1.307430,1,-0.275213,0
2024-04-24,1508.9177,1522.4349,1499.9714,1521.8398,1508.5188,10159849351,167894178240.8400,3,1.390881,1,0.883052,0
2024-04-25,1513.1506,1536.2284,1511.6979,1524.2348,1521.8398,10376981030,168335090784.6300,3,1.420226,1,0.157375,0
2024-04-26,1521.9583,1561.8954,1521.9583,1560.3325,1524.2348,14792451126,239350733580.9900,3,2.020841,1,2.368251,0
2024-04-29,1565.1102,1612.2448,1565.1102,1605.2278,1560.3325,16039158722,264845391083.9300,3,2.190797,1,2.877291,0
2024-04-30,1600.5611,1603.1897,1587.0328,1587.3270,1605.2278,13623204394,198701031645.1300,3,1.860799,1,-1.115156,0
2024-05-06,1614.6702,1625.6109,1612.2988,1618.0281,1587.3270,14306009913,225614659681.2700,3,1.954064,1,1.934138,0
2024-05-07,1618.1115,1622.6217,1612.9983,1618.7719,1618.0281,11707915788,190705063706.5600,3,1.599200,1,0.045970,0
2024-05-08,1613.7979,1613.7979,1591.7198,1592.5678,1618.7719,11016963403,171391712804.7300,3,1.504794,1,-1.618764,0
2024-05-09,1595.3900,1621.1638,1595.3900,1618.7589,1592.5678,11024185794,188089215224.8400,3,1.505592,1,1.644583,0
2024-05-10,1617.9567,1620.7640,1596.6691,1604.1043,1618.7589,10955489518,177910296441.2600,3,1.496208,1,-0.905298,0
2024-05-13,1591.7037,1602.8851,1581.9919,1591.9443,1604.1043,10797356432,176539936505.9500,3,1.474653,1,-0.758055,0
2024-05-14,1595.9601,1606.0875,1588.4590,1593.8442,1591.9443,10792788579,163034644561.0200,3,1.474061,1,0.119345,0
2024-05-15,1592.8183,1595.5072,1577.9413,1578.9719,1593.8442,10079906705,148951276652.4600,3,1.376706,1,-0.933109,0
2024-05-16,1584.6620,1594.1596,1578.6982,1582.1932,1578.9719,10967053050,163710866091.4600,3,1.497750,1,0.204012,0
2024-05-17,1580.0719,1601.4792,1576.0226,1601.2703,1582.1932,11642907901,173811831822.3000,3,1.590016,1,1.205738,0
2024-05-20,1601.6502,1615.6140,1601.1403,1610.1134,1601.2703,12299193529,185903196205.4600,3,1.679326,1,0.552255,0
2024-05-21,1605.3685,1607.1395,1591.6236,1597.0948,1610.1134,9887026348,146047023590.4400,3,1.349929,1,-0.808552,0
2024-05-22,1596.0255,1606.9979,1590.5532,1604.4394,1597.0948,10618200610,164299218225.2400,3,1.449682,1,0.459873,0
2024-05-23,1601.3222,1602.0163,1574.7597,1577.9093,1604.4394,10932468232,165862108934.0800,3,1.492589,1,-1.653543,0
2024-05-24,1573.3364,1584.7453,1553.6272,1554.0026,1577.9093,9786382921,150535695530.1900,3,1.335880,1,-1.515087,0
2024-05-27,1557.9278,1567.0399,1540.2569,1566.5215,1554.0026,10160833956,147105362845.5000,3,1.386713,1,0.805591,0
2024-05-28,1562.2449,1565.8882,1546.3260,1547.4243,1566.5215,8918909188,138754745892.7800,3,1.217162,1,-1.219083,0
2024-05-29,1547.6520,1563.2935,1547.6520,1554.5411,1547.4243,9319828301,141594078568.8600,3,1.271422,1,0.459913,0
2024-05-30,1551.2151,1560.9163,1546.7302,1555.1869,1554.5411,9094615734,140673818307.3200,3,1.240336,1,0.041543,0
2024-05-31,1555.0492,1568.5680,1552.7585,1552.7585,1555.1869,9203293411,144378061690.0800,3,1.255165,1,-0.156148,0
2024-06-03,1551.9187,1562.7400,1543.8092,1554.7621,1552.7585,10690463118,171097357786.4800,3,1.457988,1,0.129035,0
2024-06-04,1550.9055,1572.6840,1546.7590,1569.6773,1554.7621,9237017925,146613078955.7900,3,1.259498,1,0.959324,0
2024-06-05,1566.3300,1579.9377,1559.4378,1559.4378,1569.6773,9132732358,141819574852.2400,3,1.245142,1,-0.652332,0
2024-06-06,1563.6234,1567.9371,1538.2319,1542.8050,1559.4378,11841857187,172912463701.8400,3,1.613799,1,-1.066590,0
2024-06-07,1543.6118,1548.2628,1511.9087,1524.9961,1542.8050,9296295003,150807520287.0600,3,1.266691,1,-1.154320,0
2024-06-11,1515.7719,1537.6298,1510.4217,1534.5664,1524.9961,9055009638,145250432582.5600,3,1.233737,1,0.627562,0
2024-06-12,1532.7756,1542.8437,1532.7756,1536.2412,1534.5664,9329406144,144150747853.0300,3,1.271245,1,0.109138,0
2024-06-13,1539.1341,1545.6299,1527.9996,1530.2245,1536.2412,10208653079,163314265355.8600,3,1.390199,1,-0.391651,0
2024-06-14,1526.6836,1540.9639,1517.2470,1538.2531,1530.2245,11740976084,199388372197.9000,3,1.598006,1,0.524668,0
2024-06-17,1531.3365,1552.2264,1530.3237,1548.5540,1538.2531,10512870166,179869757057.4500,3,1.438963,1,0.669649,0
2024-06-18,1548.9323,1559.4120,1546.9099,1554.8938,1548.5540,9664645840,162041634001.7700,3,1.322862,1,0.409401,0
2024-06-19,1556.4542,1556.7988,1535.8488,1535.9590,1554.8938,8613498889,144135326676.9600,3,1.178944,1,-1.217755,0
2024-06-20,1532.6684,1537.0050,1507.9762,1508.2208,1535.9590,9618749708,144260199079.7200,3,1.316382,1,-1.805921,0
2024-06-21,1502.2329,1513.4959,1497.7672,1507.1696,1508.2208,8351261361,125833504133.7000,3,1.142950,1,-0.069698,0
2024-06-24,1498.3521,1500.8347,1476.3115,1477.8492,1507.1696,9563151152,142098666123.1200,3,1.308635,1,-1.945395,0
2024-06-25,1475.5061,1480.4282,1450.8162,1460.0304,1477.8492,8596706577,136443157391.9200,3,1.176376,1,-1.205725,0
2024-06-26,1459.1970,1493.7033,1454.0484,1491.5498,1460.0304,9858974039,145073672237.9300,3,1.349160,1,2.158818,0
2024-06-27,1483.2440,1484.2994,1466.0462,1466.4377,1491.5498,9053201094,136127032376.6500,3,1.238919,1,-1.683625,0
2024-06-28,1461.5271,1487.2415,1461.5271,1464.9942,1466.4377,9857007996,150035484828.8900,3,1.348969,1,-0.098436,0
2024-07-01,1462.9789,1475.4653,1448.1298,1471.8516,1464.9942,8729714389,138539458121.8600,3,1.194577,1,0.468084,0
2024-07-02,1470.9458,1474.4648,1453.7893,1457.9029,1471.8516,8745870603,130475114098.2700,3,1.196947,1,-0.947697,0
2024-07-03,1457.5513,1460.5360,1443.0999,1449.1175,1457.9029,7889001755,117318329993.9600,3,1.079075,1,-0.602605,0
2024-07-04,1451.2716,1457.8966,1430.9571,1431.9010,1449.1175,8083852989,118513810334.0500,3,0.968934,1,-1.188068,0
2024-07-05,1430.0337,1442.4923,1415.8376,1437.8265,1431.9010,7559635773,116136937891.3000,3,1.034033,1,0.413821,0
2024-07-08,1434.4058,1434.4277,1409.4395,1413.6191,1437.8265,8351956213,121241133763.7200,3,1.141204,1,-1.683611,0
2024-07-09,1411.7610,1445.0045,1404.0381,1440.4025,1413.6191,10686257946,163740911909.7200,3,1.459932,1,1.894669,0
2024-07-10,1434.1783,1452.9967,1432.9163,1441.8772,1440.4025,9388572692,148681053615.4900,3,1.282614,1,0.102381,0
2024-07-11,1460.5495,1475.9484,1449.6903,1470.1106,1441.8772,11593322404,181666268547.7300,3,1.583818,1,1.958100,0
2024-07-12,1464.0242,1474.0482,1459.9999,1468.3096,1470.1106,9312390281,152260915247.1700,3,1.272189,1,-0.122508,0
2024-07-15,1464.0802,1464.6813,1454.7507,1459.1202,1468.3096,8335386389,129442726791.5900,3,1.138699,1,-0.625849,0
2024-07-16,1456.7435,1476.2088,1456.0357,1475.1141,1459.1202,8966271371,153930277736.3200,3,1.224884,1,1.096133,0
2024-07-17,1472.4154,1476.6405,1463.4513,1467.0368,1475.1141,9314800614,155280111256.3400,3,1.272493,1,-0.547571,0
2024-07-18,1453.2768,1473.4966,1445.2585,1473.0625,1467.0368,9496631123,160118563726.1100,3,1.297177,1,0.410740,0
2024-07-19,1464.3676,1483.5646,1463.1863,1477.5428,1473.0625,8866163885,148212020495.9800,3,1.211048,1,0.304149,0
2024-07-22,1478.8300,1482.0441,1467.4465,1476.0337,1477.5428,8625001737,139381242705.8700,3,1.177177,1,-0.102136,0
2024-07-23,1475.1322,1475.1746,1430.9888,1430.9888,1476.0337,8739718418,136133422801.4800,3,1.192856,1,-3.051753,0
2024-07-24,1426.6558,1438.1875,1408.3989,1412.0322,1430.9888,8661248113,127173148360.7400,3,1.181975,1,-1.324720,0
2024-07-25,1403.7230,1420.2552,1401.0815,1409.8856,1412.0322,8069853227,125398122416.6200,3,1.101265,1,-0.152022,0
2024-07-26,1412.1404,1431.9202,1412.1404,1427.3695,1409.8856,7934473703,123292318065.6800,3,1.082766,1,1.240094,0
2024-07-29,1425.6682,1425.6682,1412.9933,1414.2673,1427.3695,7465072635,116037894592.2100,3,1.018438,1,-0.917926,0
2024-07-30,1409.6529,1414.6598,1399.5705,1410.1478,1414.2673,7731847993,111455132351.4200,3,1.054722,1,-0.291282,0
2024-07-31,1406.6501,1459.6137,1405.1032,1459.4530,1410.1478,12832429671,182216082243.6600,3,1.750506,1,3.496456,0
2024-08-01,1462.4161,1467.8872,1442.7550,1446.9341,1459.4530,9647772205,148805730246.0700,3,1.316082,1,-0.857780,0
2024-08-02,1434.0211,1452.6110,1423.2274,1425.2053,1446.9341,9260102594,140817013488.6300,3,1.263193,1,-1.501713,0
2024-08-05,1410.3825,1438.3315,1392.5668,1392.5668,1425.2053,10616008090,162937675659.2600,3,1.448108,1,-2.290091,0
2024-08-06,1410.2920,1418.2028,1396.1372,1410.1567,1392.5668,10112205424,134758419888.1600,3,1.379351,1,1.263128,0
2024-08-07,1407.8615,1415.3701,1402.7416,1405.8722,1410.1567,8631196875,112533816450.4900,3,1.177314,1,-0.303831,0
2024-08-08,1399.6185,1416.2522,1389.2112,1403.7293,1405.8722,8927511542,115662765765.5300,3,1.217407,1,-0.152425,0
2024-08-09,1411.1429,1417.8570,1393.4196,1393.4196,1403.7293,8331573595,106996021042.7800,3,1.135809,1,-0.734451,0
2024-08-12,1393.1484,1398.0769,1385.5549,1389.1158,1393.4196,7586185524,94965469474.2500,3,1.037198,1,-0.308866,0
2024-08-13,1388.6241,1397.1116,1382.1496,1397.1116,1389.1158,6935457697,94184696812.2600,3,0.948301,1,0.575604,0
2024-08-14,1396.4670,1396.4670,1379.8309,1379.8309,1397.1116,6861944007,89575140795.8100,3,0.938251,1,-1.236888,0
2024-08-15,1376.5660,1402.1867,1376.1600,1388.9492,1379.8309,9060332051,111237571457.2600,3,1.238431,1,0.660827,0
2024-08-16,1390.3328,1394.9625,1383.3461,1384.7173,1388.9492,8425708250,108168351618.8100,3,1.151412,1,-0.304684,0
2024-08-19,1382.6443,1398.3286,1381.5706,1382.7988,1384.7173,7988071738,103267479613.5100,3,1.100753,1,-0.138548,0
2024-08-20,1383.1061,1384.1669,1359.9538,1363.2534,1382.7988,8242711154,101392138081.4000,3,1.135783,1,-1.413467,0
2024-08-21,1357.5922,1371.6841,1355.9500,1359.1784,1363.2534,7795614547,103329606262.5100,3,1.074177,1,-0.298917,0
2024-08-22,1359.7615,1362.3740,1343.0355,1344.8009,1359.1784,8204232931,107452017546.7000,3,1.130481,1,-1.057808,0
2024-08-23,1340.2494,1349.9377,1337.4190,1345.2183,1344.8009,7274081314,96357795726.6700,3,1.002189,1,0.031038,0
2024-08-26,1346.6915,1354.0443,1341.7552,1346.8690,1345.2183,8047559010,110123997674.8400,3,1.108633,1,0.122709,0
2024-08-27,1341.1790,1342.2022,1328.2176,1331.4692,1346.8690,7992030110,101853342114.4300,3,1.100974,1,-1.143378,0
2024-08-28,1327.5014,1336.4163,1325.2473,1333.1595,1331.4692,7792458962,95288558941.6400,3,1.073247,1,0.126950,0
2024-08-29,1323.8779,1356.4761,1322.8809,1349.7573,1333.1595,10335663616,135446494745.9600,3,1.422479,1,1.244997,0
2024-08-30,1350.3203,1403.0774,1350.3203,1385.0733,1349.7573,14043045114,194762159995.1200,3,1.932805,1,2.616470,0
2024-09-02,1382.7291,1385.0202,1351.8359,1351.8429,1385.0733,10778167198,140066014263.0500,3,1.483441,1,-2.399180,0
2024-09-03,1349.1852,1373.2253,1349.1852,1368.9467,1351.8429,9422200159,119141380958.9700,3,1.296842,1,1.265221,0
2024-09-04,1357.3941,1375.5022,1354.6621,1363.4509,1368.9467,8916029743,120365482800.4700,3,1.227174,1,-0.401462,0
2024-09-05,1363.1546,1379.7714,1363.1546,1370.1802,1363.4509,8457841313,110584684046.5600,3,1.164110,1,0.493549,0
2024-09-06,1370.0409,1371.7328,1346.6226,1346.9534,1370.1802,8427824186,105189671654.2300,3,1.159978,1,-1.695164,0
2024-09-09,1339.2336,1349.6879,1332.9310,1339.8698,1346.9534,7552830214,96600139127.4800,3,1.039556,1,-0.525898,0
2024-09-10,1340.8934,1352.0671,1325.2172,1344.6710,1339.8698,8335395675,107735259507.0700,3,1.147267,1,0.358333,0
2024-09-11,1341.8735,1358.1842,1338.5491,1353.0934,1344.6710,7618973584,108538767969.4200,3,1.048655,1,0.626354,0
2024-09-12,1356.6791,1366.4300,1343.6809,1343.7781,1353.0934,7998328973,108665521447.1500,3,1.100874,1,-0.688445,0
2024-09-13,1343.7359,1347.9069,1329.6575,1329.6575,1343.7781,7572189974,105057452572.6300,3,1.042256,1,-1.050813,0
2024-09-18,1328.1914,1331.0061,1312.5893,1326.3092,1329.6575,7168315500,90396042812.8600,3,0.986664,1,-0.251817,0
2024-09-19,1333.5625,1354.2062,1317.8758,1340.2482,1326.3092,9775946937,125875671005.7700,3,1.346276,1,1.050962,0
2024-09-20,1340.3657,1341.8716,1327.1849,1336.3985,1340.2482,8566552807,110587305704.0200,3,1.179031,1,-0.287238,0
2024-09-23,1335.3652,1350.1670,1331.2110,1333.6052,1336.3985,8370975180,108897153711.7200,3,1.152021,1,-0.209017,0
2024-09-24,1343.9423,1395.5553,1333.7802,1395.5540,1333.6052,15627387470,210635279529.6300,3,2.150257,1,4.645213,0
2024-09-25,1414.7435,1443.8185,1408.6521,1410.4494,1395.5540,18081595428,242339711848.8300,3,2.487945,1,1.067347,0
2024-09-26,1407.9573,1469.1865,1402.6899,1469.1176,1410.4494,18700163410,249877881311.8100,3,2.573057,1,4.159540,0
2024-09-27,1496.0400,1599.1682,1496.0400,1577.6852,1469.1176,26660876001,407076296640.6500,3,3.667143,1,7.389987,0
2024-09-30,1653.9227,1770.4841,1634.2067,1766.4265,1577.6852,35249821172,579498929816.2500,3,4.843063,1,11.963179,0
2024-10-08,2012.7764,2012.7764,1835.2034,1962.0944,1766.4265,42984754016,814218175185.2000,3,5.905202,1,11.077047,0
2024-10-09,1900.0051,1934.1561,1792.1148,1799.9750,1962.0944,38448139894,791725295078.9500,3,5.280990,1,-8.262569,0
2024-10-10,1811.1406,1839.7815,1748.3912,1770.2067,1799.9750,28141945146,536685798901.0900,3,3.865396,1,-1.653817,0
2024-10-11,1749.8584,1755.2298,1670.2008,1693.0187,1770.2067,21593480894,390741646653.7600,3,2.965253,1,-4.360395,0
2024-10-14,1701.2682,1747.0099,1670.4937,1742.7692,1693.0187,22002409212,405420642644.6700,3,3.021340,1,2.938568,0
2024-10-15,1734.7664,1767.2670,1702.3148,1702.3148,1742.7692,21732229977,421179383945.3100,3,2.984237,1,-2.321271,0
2024-10-16,1670.1559,1710.3568,1669.4393,1682.4410,1702.3148,18073530892,331187542087.4700,3,2.481909,1,-1.167457,0
2024-10-17,1695.1353,1713.3083,1677.3458,1678.0676,1682.4410,20248297074,367042331631.3500,3,2.778822,1,-0.259944,0
2024-10-18,1675.0775,1817.0489,1674.7988,1770.0533,1678.0676,28610353823,571167204080.8700,3,3.923291,1,5.481644,0
2024-10-21,1785.8838,1831.3036,1770.8477,1798.0145,1770.0533,27689435025,574828547961.1900,3,3.797005,1,1.579681,0
2024-10-22,1796.3979,1821.6641,1785.7203,1810.8042,1798.0145,26833165058,503021066892.3600,3,3.679318,1,0.711324,0
2024-10-23,1804.2541,1838.1469,1794.8112,1808.6139,1810.8042,25408278884,485675041488.2900,3,3.483935,1,-0.120957,0
2024-10-24,1795.8079,1801.5390,1778.8915,1785.4368,1808.6139,18732086827,371717861209.7300,3,2.568453,1,-1.281484,0
2024-10-25,1792.3196,1842.6199,1790.3758,1821.5701,1785.4368,22500195063,445274620234.1500,3,3.084964,1,2.023779,0
2024-10-28,1820.2708,1831.1262,1801.4138,1831.1262,1821.5701,23053435096,416584869952.8700,3,3.160909,1,0.524608,0
2024-10-29,1837.0267,1841.5461,1805.1807,1806.0591,1831.1262,25463015108,459313113129.4500,3,3.491262,1,-1.368944,0
2024-10-30,1795.8141,1817.9096,1785.9902,1805.2816,1806.0591,22862251686,410449631402.6600,3,3.134651,1,-0.043050,0
2024-10-31,1807.3859,1836.8391,1792.1371,1818.1341,1805.2816,27773760000,515658010663.1600,3,3.807574,1,0.711939,0
2024-11-01,1811.2058,1822.7165,1778.0494,1782.0237,1818.1341,29827685849,516555903953.3200,3,4.089092,1,-1.986124,0
2024-11-04,1781.3984,1825.5855,1781.3984,1825.5855,1782.0237,22933504189,412863749685.4300,3,3.143725,1,2.444513,0
2024-11-05,1824.6921,1896.5484,1817.2583,1891.4735,1825.5855,30119993863,583405565050.5300,3,4.128803,1,3.609143,0
2024-11-06,1895.9090,1930.0694,1875.6088,1889.1398,1891.4735,34116943597,654986155481.2800,3,4.676593,1,-0.123380,0
2024-11-07,1868.3185,1929.7503,1866.3446,1929.7503,1889.1398,31233002590,581918413438.2900,3,4.281213,1,2.149682,0
2024-11-08,1954.4978,1961.7790,1914.7189,1919.1825,1929.7503,32243398648,634133943428.2100,3,4.418957,1,-0.547625,0
2024-11-11,1909.1439,1971.6436,1906.9421,1971.5015,1919.1825,30975232834,624560674578.2500,3,4.245090,1,2.726109,0
2024-11-12,1979.8162,1997.8128,1938.4818,1958.1637,1971.5015,31692236377,649497449165.4900,3,4.343344,1,-0.676530,0
2024-11-13,1942.8619,1968.6636,1922.1347,1965.7191,1958.1637,24303699123,496161702877.8400,3,3.330638,1,0.385841,0
2024-11-14,1960.9493,1963.7041,1902.6025,1905.4717,1965.7191,22735471520,451522629085.6200,3,3.115259,1,-3.064904,0
2024-11-15,1896.0373,1911.8082,1849.0162,1849.0162,1905.4717,23705066684,456300400485.2900,3,3.248501,1,-2.962810,0
2024-11-18,1852.2259,1859.4968,1791.4674,1803.8132,1849.0162,23988334583,404354816708.8100,3,3.286501,1,-2.444705,0
2024-11-19,1806.5954,1849.0016,1788.0094,1848.2996,1803.8132,20772960493,365126405773.6800,3,2.845967,1,2.466242,0
2024-11-20,1842.2611,1877.8920,1839.3954,1869.1325,1848.2996,22568848648,388911118587.4900,3,3.091972,1,1.127139,0
2024-11-21,1862.6733,1878.7781,1854.3092,1869.7580,1869.1325,22841892017,387788405095.9000,3,3.129135,1,0.033465,0
2024-11-22,1862.4300,1874.5952,1800.9278,1800.9278,1869.7580,25169968264,414118759418.9900,3,3.448093,1,-3.681236,0
2024-11-25,1807.0973,1815.0196,1772.9581,1800.4243,1800.9278,21540674156,353083294968.0300,3,2.950473,1,-0.027958,0
2024-11-26,1794.0381,1811.8302,1780.4442,1781.0645,1800.4243,18417541626,289421998995.2000,3,2.522347,1,-1.075291,0
2024-11-27,1770.4631,1826.8532,1755.4687,1826.8520,1781.0645,21675144105,344548227468.5400,3,2.968518,1,2.570794,0
2024-11-28,1826.0079,1831.0176,1798.6290,1801.6124,1826.8520,21494331985,328996434802.6000,3,2.943759,1,-1.381590,0
2024-11-29,1796.9806,1857.9951,1796.0390,1836.5124,1801.6124,21941680716,388612645754.9000,3,3.005062,1,1.937154,0
2024-12-02,1833.6291,1870.1642,1833.4685,1866.4392,1836.5124,22817809691,391402692899.3000,3,3.124809,1,1.629545,0
2024-12-03,1867.0393,1867.9592,1841.5447,1857.5719,1866.4392,21451163497,343405862649.6800,3,2.937448,1,-0.475092,0
2024-12-04,1855.1364,1858.2448,1823.8572,1832.6508,1857.5719,22299529126,336718039458.7200,3,3.053561,1,-1.341595,0
2024-12-05,1825.8407,1851.5385,1825.8407,1843.9840,1832.6508,20541920591,319008763770.2600,3,2.812884,1,0.618405,0
2024-12-06,1846.2937,1885.1573,1838.2646,1871.6323,1843.9840,25761045941,398262488039.3600,3,3.527525,1,1.499379,0
2024-12-09,1870.2442,1877.0396,1846.8970,1859.3124,1871.6323,22964129459,336906784092.6000,3,3.144430,1,-0.658244,0
2024-12-10,1928.2875,1930.0321,1869.0482,1872.9310,1859.3124,29818912274,494717232332.8200,3,4.082959,1,0.732454,0
2024-12-11,1866.6796,1883.0105,1865.8340,1876.9816,1872.9310,23000721242,357593230971.0700,3,3.149375,1,0.216271,0
2024-12-12,1876.4962,1897.2213,1869.0320,1895.6655,1876.9816,22401165888,362923019970.0700,3,3.067279,1,0.995423,0
2024-12-13,1881.1201,1883.1184,1854.0569,1854.6369,1895.6655,25206644037,428814270291.7700,3,3.451416,1,-2.164338,0
2024-12-16,1853.0855,1855.9353,1819.2284,1826.9598,1854.6369,20850254469,337809869675.3500,3,2.875710,1,-1.492319,0
2024-12-17,1822.1919,1840.5592,1810.3079,1813.0184,1826.9598,18435191002,298169837724.5600,3,2.542542,1,-0.763093,0
2024-12-18,1817.2996,1833.0951,1809.1765,1822.4287,1813.0184,16682115724,263609251461.5100,3,0.000000,1,0.519041,0
2024-12-19,1802.8514,1839.6611,1800.1345,1834.9708,1822.4287,18585862600,300732339285.3800,3,2.562941,1,0.688208,0
2024-12-20,1832.1236,1858.0052,1830.3736,1841.2832,1834.9708,18338814852,328193285968.5100,3,2.528855,1,0.344005,0
2024-12-23,1840.6939,1847.2485,1810.0358,1811.9684,1841.2832,18685343938,322258676768.8700,3,2.576206,1,-1.592085,0
2024-12-24,1814.8553,1834.4778,1811.3882,1833.9232,1811.9684,16597731379,284821071546.1900,3,2.288377,1,1.211655,0
2024-12-25,1834.5543,1834.7286,1807.3421,1817.8650,1833.9232,15903350789,265490702346.8900,3,2.192188,1,-0.875620,0
2024-12-26,1815.2583,1839.0557,1813.2723,1834.2447,1817.8650,14632529405,283013357681.3400,3,2.017018,1,0.901041,0
2024-12-27,1835.1826,1856.7610,1826.7531,1831.6187,1834.2447,17268494648,323600918294.8600,3,2.380312,1,-0.143165,0
2024-12-30,1828.0050,1841.8640,1820.8381,1830.7353,1831.6187,14505722923,269827834943.0800,3,1.999600,1,-0.048231,0
2024-12-31,1830.1781,1832.0546,1777.6522,1777.6522,1830.7353,17081449493,300109995628.9700,3,2.354650,1,-2.899551,0
2025-01-02,1774.1340,1775.5560,1702.5653,1718.0063,1777.6522,17536872914,300987338855.5500,3,2.417223,1,-3.355319,0
2025-01-03,1719.7770,1724.4419,1677.2458,1678.5288,1718.0063,16449711003,262937586692.7000,3,2.267414,1,-2.297867,0
2025-01-06,1678.7782,1694.6183,1665.2627,1677.3643,1678.5288,13606124630,218065517900.1100,3,1.875401,1,-0.069376,0
2025-01-07,1674.4487,1701.2502,1668.2183,1701.1239,1677.3643,14233726105,235496570032.5700,3,1.961867,1,1.416484,0
2025-01-08,1690.6773,1702.9182,1648.4345,1688.6527,1701.1239,16676767545,262837599242.5200,3,2.298597,1,-0.733115,0
2025-01-09,1681.4943,1702.7677,1680.8041,1692.3617,1688.6527,14653683729,234602525295.8800,3,2.019751,1,0.219643,0
2025-01-10,1688.8288,1700.6937,1660.2185,1660.2185,1692.3617,15338809249,244148077728.5700,3,2.114178,1,-1.899310,0
2025-01-13,1642.7122,1675.9886,1642.0158,1662.4862,1660.2185,12660462890,200627929287.5100,3,1.745034,1,0.136590,0
2025-01-14,1668.3291,1735.7767,1660.5657,1734.5402,1662.4862,18322659261,318028161852.8800,3,2.525465,1,4.334111,0
2025-01-15,1730.0042,1731.4607,1711.1959,1715.2420,1734.5402,14908033103,262711809547.8300,3,2.055000,1,-1.112583,0
2025-01-16,1724.7419,1751.8766,1706.8951,1723.4126,1715.2420,17272207488,289347906864.4200,3,2.380918,1,0.476353,0
2025-01-17,1715.4535,1746.6501,1715.4535,1734.0453,1723.4126,14056795748,250808337040.2300,3,1.937616,1,0.616956,0
2025-01-20,1748.7475,1767.5844,1747.5325,1753.5234,1734.0453,15085167493,273861878350.8400,3,2.078640,1,1.123275,0
2025-01-21,1765.2933,1765.9619,1742.9757,1764.1102,1753.5234,15034996476,272750304900.7400,3,2.071720,1,0.603744,0
2025-01-22,1756.4097,1759.1760,1740.3126,1751.8216,1764.1102,13981287625,269297757939.7900,3,1.926138,1,-0.696589,0
2025-01-23,1770.4757,1786.9887,1741.3942,1741.3942,1751.8216,17117118543,316688359622.8500,3,2.358149,1,-0.595232,0
2025-01-24,1734.9963,1769.6354,1734.9963,1767.2646,1741.3942,15995047136,293394184945.4700,3,2.203283,1,1.485614,0
2025-01-27,1767.5547,1771.1924,1734.3840,1734.3840,1767.2646,13738492238,255585353574.4000,3,1.892451,1,-1.860536,0
2025-02-05,1751.3222,1753.0546,1735.1406,1742.4568,1734.3840,17331746773,323182370878.5300,3,2.386703,1,0.465456,0
2025-02-06,1738.6719,1793.9797,1736.8062,1793.9797,1742.4568,21128863244,407876161652.9800,3,2.909593,1,2.956911,0
2025-02-07,1797.4540,1846.7362,1794.9690,1827.1076,1793.9797,25867607349,508426527441.8600,3,3.562151,1,1.846615,0
2025-02-10,1833.1482,1844.9362,1818.8597,1842.5212,1827.1076,23315798020,423371701852.2900,3,3.210684,1,0.843607,0
2025-02-11,1843.5874,1843.5874,1820.9024,1827.8981,1842.5212,21559959881,378795232142.4600,3,2.968895,1,-0.793646,0
2025-02-12,1822.7801,1858.9918,1820.8453,1858.5743,1827.8981,21369548066,406357106966.3000,3,2.942688,1,1.678223,0
2025-02-13,1855.6848,1860.9982,1837.5531,1838.1300,1858.5743,23566866786,428830620614.2500,3,3.245280,1,-1.099999,0
2025-02-14,1836.5319,1864.1725,1836.5319,1861.4295,1838.1300,22340533456,414419677726.9400,3,3.076480,1,1.267565,0
2025-02-17,1876.6639,1880.8582,1855.5354,1871.0674,1861.4295,24818542934,482038262089.2100,3,3.416723,1,0.517769,0
2025-02-18,1869.8565,1876.3424,1829.4727,1837.3509,1871.0674,22970397769,433980169775.5600,3,3.161803,1,-1.801993,0
2025-02-19,1833.0721,1873.2562,1832.6525,1873.0488,1837.3509,21025347025,414636015249.1700,3,2.894073,1,1.942901,0
2025-02-20,1872.2689,1887.9316,1865.8811,1881.9500,1873.0488,21779676538,415917478692.8600,3,2.997904,1,0.475225,0
2025-02-21,1886.1859,1925.2097,1886.1859,1922.5272,1881.9500,27182411151,542930966661.8100,3,3.741655,1,2.156125,0
2025-02-24,1923.7536,1932.4692,1903.2215,1917.3357,1922.5272,25951152986,522896616472.5700,3,3.572168,1,-0.270035,0
2025-02-25,1888.0952,1918.7913,1884.8332,1896.3864,1917.3357,22245691624,452095900348.8400,3,3.062113,1,-1.092626,0
2025-02-26,1900.5497,1917.4354,1888.4396,1916.5935,1896.3864,22323166130,448435022659.2500,3,3.072778,1,1.065558,0
2025-02-27,1919.0940,1923.3383,1879.4459,1906.2278,1916.5935,23266120239,467267438770.4600,3,3.202613,1,-0.540840,0
2025-02-28,1892.7215,1893.6209,1833.4198,1838.9438,1906.2278,21502623130,422282775566.4100,3,2.959613,1,-3.529694,0
2025-03-03,1846.5855,1877.9608,1833.1804,1848.6134,1838.9438,19505737637,383657937840.0500,3,2.684754,1,0.525824,0
2025-03-04,1828.1034,1857.3104,1826.0846,1855.6310,1848.6134,16196558006,330188214664.1600,3,2.229281,1,0.379614,0
2025-03-05,1856.6492,1865.2799,1846.1617,1863.4193,1855.6310,16881811552,330291376518.6700,3,2.323032,1,0.419712,0
2025-03-06,1875.9592,1908.1678,1875.2699,1902.9616,1863.4193,22618038748,451255608759.5600,3,3.112385,1,2.122029,0
2025-03-07,1895.3084,1906.3364,1878.6661,1887.9338,1902.9616,23218532052,421429773735.0400,3,3.195096,1,-0.789706,0
2025-03-10,1892.4724,1899.0521,1871.0553,1885.9187,1887.9338,19185427414,346629325001.8100,3,0.000000,1,-0.106736,0
2025-03-11,1861.5633,1890.9753,1860.6063,1890.9753,1885.9187,18914746791,334414672848.7700,3,2.602536,1,0.268124,0
2025-03-12,1898.7919,1908.2030,1886.8851,1888.9412,1890.9753,20839384928,374838538830.8500,3,2.866663,1,-0.107569,0
2025-03-13,1886.7909,1893.2787,1853.6509,1865.6533,1888.9412,18332239215,334736200974.7800,3,2.521778,1,-1.232855,0
2025-03-14,1865.0433,1907.8681,1862.9146,1907.4744,1865.6533,19844780414,392943505230.1000,3,2.729848,1,2.241633,0
2025-03-17,1913.1268,1914.4654,1901.3262,1905.8355,1907.4744,16687163223,326866257011.1100,3,2.293359,1,-0.085920,0
2025-03-18,1913.3396,1923.6964,1905.4320,1914.5475,1905.8355,15771661305,320670839387.3300,3,2.167537,1,0.457122,0
2025-03-19,1908.5951,1914.1897,1893.3200,1904.1418,1914.5475,14874834288,299755586162.5800,3,2.044284,1,-0.543507,0
2025-03-20,1902.3386,1905.0100,1885.6481,1887.4701,1904.1418,13850169831,263268658340.5800,3,1.903353,1,-0.875549,0
2025-03-21,1880.1858,1887.3027,1842.4631,1847.2970,1887.4701,15765844108,288920279843.8500,3,2.166614,1,-2.128410,0
2025-03-24,1848.7151,1852.9106,1817.7955,1844.7482,1847.2970,15276845425,263618139831.4700,3,2.099154,1,-0.137975,0
2025-03-25,1845.8304,1851.7380,1828.5899,1833.9564,1844.7482,12635193447,229644378555.0700,3,1.736157,1,-0.585001,0
2025-03-26,1831.4226,1847.4753,1831.4226,1835.9061,1833.9564,11473299224,198810520415.8700,3,1.576469,1,0.106311,0
2025-03-27,1830.1121,1856.5521,1818.0192,1840.4318,1835.9061,12198842070,218003216209.8000,3,1.675958,1,0.246510,0
2025-03-28,1838.5714,1845.6213,1826.2071,1826.6041,1840.4318,11413144084,205144495029.8100,3,1.567685,1,-0.751329,0
2025-03-31,1816.1168,1822.3951,1790.0719,1806.7313,1826.6041,13118567401,230650368929.5100,3,1.798339,1,-1.087964,0
2025-04-01,1811.0097,1823.7001,1804.5425,1807.4928,1806.7313,11192231071,216053927081.7400,3,1.534222,1,0.042148,0
2025-04-02,1806.8227,1820.5487,1804.7997,1809.6330,1807.4928,9738030425,180123969432.8600,3,1.334897,1,0.118407,0
2025-04-03,1786.1771,1803.9411,1772.7894,1779.8696,1809.6330,11553538026,229503852726.2000,3,1.583822,1,-1.644720,0
2025-04-07,1667.5018,1684.8992,1562.2972,1587.2099,1779.8696,19861422172,350220244683.9200,3,2.722707,1,-10.824372,0
2025-04-08,1585.9738,1617.0996,1568.9831,1593.2644,1587.2099,21367324203,345747425544.8400,3,2.929169,1,0.381456,0
2025-04-09,1564.3724,1625.4148,1529.3321,1615.5007,1593.2644,21984830828,363243317034.9100,3,3.013817,1,1.395644,0
2025-04-10,1659.5224,1685.3340,1653.1638,1656.1155,1615.5007,19408473539,345454714971.0500,3,2.659298,1,2.514069,0
2025-04-11,1643.2640,1692.0179,1642.4128,1676.6289,1656.1155,15126437302,288655107380.7200,3,2.072552,1,1.238645,0
2025-04-14,1701.9273,1703.8121,1684.3572,1688.0558,1676.6289,14009857889,259076973501.7200,3,1.919511,1,0.681540,0
2025-04-15,1688.4320,1691.7613,1670.4754,1680.7855,1688.0558,11428143886,201975106463.3700,3,1.565565,1,-0.430691,0
2025-04-16,1672.0205,1672.3670,1639.5842,1661.4073,1680.7855,12044397470,208977709368.7200,3,1.649987,1,-1.152925,0
2025-04-17,1650.2969,1674.1376,1649.8091,1659.7362,1661.4073,9981773228,175032699878.0700,3,1.367423,1,-0.100583,0
2025-04-18,1658.4026,1667.6104,1652.0466,1663.8394,1659.7362,9935376935,171128912413.0600,3,1.361018,1,0.247220,0
2025-04-21,1662.0703,1692.3452,1655.2477,1691.4489,1663.8394,12108359185,206712771009.5600,3,1.658680,1,1.659385,0
2025-04-22,1686.9054,1692.0608,1680.8051,1683.8092,1691.4489,13147222179,217661085571.6200,3,1.801011,1,-0.451666,0
2025-04-23,1701.2140,1709.4577,1689.9723,1700.3018,1683.8092,14257354974,263615904318.0800,3,1.953067,1,0.979482,0
2025-04-24,1699.0693,1704.9135,1680.7444,1685.7788,1700.3018,12306243708,220700134326.2600,3,1.685744,1,-0.854142,0
2025-04-25,1690.6367,1706.0671,1686.1485,1694.6448,1685.7788,12565414926,229409604753.6100,3,1.721349,1,0.525929,0
2025-04-28,1693.7746,1694.5731,1678.6475,1679.8598,1694.6448,11690061236,202219684213.7800,3,1.599390,1,-0.872454,0
2025-04-29,1674.1501,1687.7140,1669.2509,1680.9311,1679.8598,11158194705,193888657511.1600,3,1.526148,1,0.063773,0
2025-04-30,1682.6448,1699.2050,1680.4564,1694.3958,1680.9311,12753118910,221013286784.1300,3,1.743915,1,0.801026,0
2025-05-06,1708.1508,1731.6313,1706.3370,1731.6247,1694.3958,14942268689,269411772850.1000,3,2.043107,1,2.197178,0
2025-05-07,1756.9803,1762.8202,1721.8963,1733.6759,1731.6247,16330381540,292072614889.5100,3,2.232709,1,0.118455,0
2025-05-08,1728.9301,1755.6560,1727.1930,1752.1874,1733.6759,14105795345,267188121418.6300,3,1.928561,1,1.067760,0
2025-05-09,1750.6202,1750.6202,1727.3054,1734.8997,1752.1874,12371264325,235127267934.5300,3,1.691134,1,-0.986635,0
2025-05-12,1753.1998,1768.2059,1749.2225,1768.0505,1734.8997,13712047144,283639986085.9700,3,1.874165,1,1.910819,0
2025-05-13,1786.9388,1786.9388,1761.4771,1763.2497,1768.0505,13763172981,271821374296.1500,3,1.881133,1,-0.271531,0
2025-05-14,1761.5603,1785.2574,1753.5515,1773.2147,1763.2497,13360585174,262559238764.6500,3,1.826089,1,0.565150,0
2025-05-15,1768.1943,1768.1943,1741.2774,1741.2774,1773.2147,11275274689,213661277248.4000,3,1.541074,1,-1.801096,0
2025-05-16,1735.9408,1750.4412,1735.9408,1742.5644,1741.2774,9649213530,186037969777.7500,3,1.318688,1,0.073911,0
2025-05-19,1741.6490,1743.2324,1723.3697,1740.7337,1742.5644,9870656505,175798643162.9600,3,1.348660,1,-0.105058,0
2025-05-20,1742.5378,1761.3605,1735.7602,1756.7149,1740.7337,11429454203,210854223452.0400,3,1.561546,1,0.918073,0
2025-05-21,1755.0542,1768.3418,1753.2282,1762.6696,1756.7149,11362947444,217052641359.7400,3,1.552419,1,0.338968,0
2025-05-22,1758.2858,1762.0092,1746.5057,1747.4801,1762.6696,11211756244,199352681742.6100,3,1.532090,1,-0.861733,0
2025-05-23,1745.2243,1762.3971,1731.6585,1731.6585,1747.4801,11732991603,210317476747.3600,3,1.603441,1,-0.905395,0
2025-05-26,1727.5357,1735.0399,1717.3459,1726.9360,1731.6585,9650609877,184764720576.7600,3,1.318825,1,-0.272715,0
2025-05-27,1723.1631,1723.6077,1708.1248,1715.6620,1726.9360,9218073091,170648365710.5600,3,1.259618,1,-0.652833,0
2025-05-28,1716.7829,1719.8840,1705.5409,1708.7197,1715.6620,9474729042,165932323123.7000,3,1.294231,1,-0.404643,0
2025-05-29,1709.9854,1737.8404,1709.9854,1736.9042,1708.7197,11845300635,221102540833.9000,3,1.617704,1,1.649451,0
2025-05-30,1729.6852,1730.9288,1717.9049,1719.4891,1736.9042,11648466212,203688005525.7300,3,1.590317,1,-1.002652,0
2025-06-03,1711.7223,1734.5536,1711.7223,1729.5610,1719.4891,12190041624,210127697254.4400,3,1.663776,1,0.585750,0
2025-06-04,1731.7999,1748.4917,1731.7999,1746.4476,1729.5610,11768869852,213874054997.0900,3,1.602734,1,0.976352,0
2025-06-05,1748.0309,1763.2935,1739.2463,1760.0462,1746.4476,12862631165,244721019323.1800,3,1.751573,1,0.778643,0
2025-06-06,1759.2952,1761.5532,1751.0405,1754.5247,1760.0462,10338762194,203199755693.5600,3,1.407887,1,-0.313713,0
2025-06-09,1758.3694,1777.2936,1758.0532,1770.9869,1754.5247,12364015922,247948638133.5600,3,1.682863,1,0.938271,0
2025-06-10,1770.2606,1772.6791,1740.6886,1755.0612,1770.9869,13739497816,257444847196.3400,3,1.870044,1,-0.899256,0
2025-06-11,1757.4938,1780.1507,1757.4938,1769.9232,1755.0612,12374013848,235173592991.7800,3,1.684053,1,0.846808,0
2025-06-12,1764.8984,1777.2423,1760.6734,1772.0527,1769.9232,12499142487,245639026401.5500,3,1.701070,1,0.120316,0
2025-06-13,1764.2427,1769.8552,1745.7879,1750.9050,1772.0527,15233686549,286941959513.4000,3,2.072203,1,-1.193401,0
2025-06-16,1746.5031,1764.1199,1746.4300,1762.3407,1750.9050,12408186331,250938910021.5300,3,1.706678,1,0.653131,0
2025-06-17,1764.9327,1768.6492,1754.8646,1759.3643,1762.3407,13157495264,243435131791.9600,3,1.808109,1,-0.168889,0
2025-06-18,1755.2794,1767.7279,1752.6738,1765.3448,1759.3643,12162223865,246153709767.2300,3,1.671327,1,0.339924,0
2025-06-19,1762.0886,1769.2483,1738.7300,1743.7525,1765.3448,13024078391,263438674102.8600,3,1.789747,1,-1.223121,0
2025-06-20,1741.6710,1749.6958,1730.2158,1731.1636,1743.7525,11580520743,222576746204.5600,3,1.590684,1,-0.721943,0
2025-06-23,1720.4201,1745.2308,1720.4201,1742.7870,1731.1636,11815692493,226737004198.8400,3,1.622982,1,0.671421,0
2025-06-24,1747.7534,1776.8703,1747.7534,1776.1005,1742.7870,15636979944,303859750016.8600,3,2.147890,1,1.911507,0
2025-06-25,1781.1397,1812.6835,1779.6897,1810.6294,1776.1005,17855634415,373886195253.5300,3,2.452644,1,1.944085,0
2025-06-26,1809.4141,1819.1713,1799.8211,1800.3887,1810.6294,17287759526,361075747157.2900,3,2.374485,1,-0.565588,0
2025-06-27,1805.3725,1820.9324,1798.6057,1807.4203,1800.3887,17105547054,345210488661.5400,3,2.349447,1,0.390560,0
2025-06-30,1813.5966,1829.3502,1812.3179,1828.8111,1807.4203,16416299379,332643379792.3400,3,2.254657,1,1.183499,0
2025-07-01,1827.0424,1832.3979,1816.7325,1830.4607,1828.8111,15842323182,301305737498.8400,3,2.173049,1,0.090201,0
2025-07-02,1825.5203,1825.5203,1806.5189,1811.6284,1830.4607,14058733535,260114325781.0800,3,1.928315,1,-1.028828,0
2025-07-03,1814.4637,1837.4220,1814.4637,1834.7513,1811.6284,13583395308,278957145119.7300,3,1.862687,1,1.276360,0
2025-07-04,1835.1597,1847.8513,1823.1786,1827.5890,1834.7513,14357942770,295197680556.6500,3,1.968579,1,-0.390369,0
2025-07-07,1823.4570,1827.0635,1812.2714,1814.3573,1827.5890,11532861118,230660577200.7600,3,1.581242,1,-0.723998,0
2025-07-08,1813.4171,1846.6049,1813.4171,1845.5461,1814.3573,14601699332,306134431868.9900,3,2.001641,1,1.719000,0
2025-07-09,1846.1520,1857.6240,1839.2740,1843.9776,1845.5461,14897167304,297736543868.9500,3,2.042135,1,-0.084988,0
2025-07-10,1845.9669,1855.2742,1837.4608,1848.8566,1843.9776,14609031276,293015867232.7400,3,2.002614,1,0.264591,0
2025-07-11,1849.9458,1870.6724,1843.7012,1859.7677,1848.8566,17980262901,349434876320.1200,3,2.464746,1,0.590154,0
2025-07-14,1861.9201,1862.8294,1851.8146,1857.0666,1859.7677,14345318604,284689963639.8400,3,1.966470,1,-0.145239,0
2025-07-15,1861.3740,1879.4398,1854.2111,1873.3916,1857.0666,16882405319,352671686167.1900,3,2.314178,1,0.879075,0
2025-07-16,1874.0212,1886.9598,1866.5359,1870.7336,1873.3916,15389778218,330139381913.6400,3,2.109567,1,-0.141882,0
2025-07-17,1870.2877,1901.7244,1870.2877,1901.7244,1870.7336,15612469411,352778841394.4800,3,2.139884,1,1.656612,0
2025-07-18,1908.2122,1918.2414,1897.7662,1906.7962,1901.7244,15463154974,346239013699.8100,3,2.119418,1,0.266695,0
2025-07-21,1909.7185,1922.2075,1905.6939,1921.9503,1906.7962,17358584374,350885731852.3100,3,2.379210,1,0.794741,0
2025-07-22,1920.4914,1931.4073,1914.2554,1930.9937,1921.9503,18884031874,387978808430.6100,3,2.588752,1,0.470532,0
2025-07-23,1929.4297,1943.4666,1921.9737,1925.4990,1930.9937,19135703037,377512148961.0400,3,2.623259,1,-0.284553,0
2025-07-24,1927.6288,1951.9895,1927.6288,1951.9895,1925.4990,19333574822,396569321706.4500,3,2.650333,1,1.375773,0
2025-07-25,1954.4080,1958.6345,1947.2035,1953.6096,1951.9895,19181974429,364967540675.4100,3,2.629457,1,0.082997,0
2025-07-28,1956.5786,1967.8579,1946.3059,1966.4223,1953.6096,17609747328,384983194219.4600,3,2.411328,1,0.655848,0
2025-07-29,1963.8456,1983.3909,1953.7553,1983.3576,1966.4223,17805096794,398909718490.0700,3,2.429410,1,0.861224,0
2025-07-30,1976.4594,1984.2494,1950.3312,1965.5884,1983.3576,18849784932,407729990321.6700,3,2.571929,1,-0.895915,0
2025-07-31,1968.6014,1976.3438,1932.6077,1938.6855,1965.5884,20468362462,448994446748.8100,3,2.791429,1,-1.368694,0
2025-08-01,1937.1214,1951.2018,1921.7235,1936.3340,1938.6855,17517468278,368245553111.1200,3,2.388956,1,-0.121294,0
2025-08-04,1923.7436,1946.2862,1922.2883,1946.2862,1936.3340,15509134495,328998763135.4200,3,2.115044,1,0.513971,0
2025-08-05,1953.7833,1956.7497,1943.9385,1956.7497,1946.2862,15584230247,337985965157.5300,3,2.124482,1,0.537614,0
2025-08-06,1953.5930,1971.5247,1952.6344,1971.5247,1956.7497,17541355054,364234612590.9200,3,2.391141,1,0.755079,0
2025-08-07,1974.3361,1982.9647,1954.4473,1968.4880,1971.5247,17965313909,395065767339.8700,3,2.448696,1,-0.154028,0
2025-08-08,1964.3714,1972.4107,1958.3980,1961.0744,1968.4880,17324519104,351841185057.6300,3,2.358095,1,-0.376614,0
2025-08-11,1967.1154,2000.4374,1967.1154,1996.5424,1961.0744,19064432530,410228533037.8200,3,2.594928,1,1.808600,0
2025-08-12,1997.1782,2009.2758,1989.6630,2009.2758,1996.5424,17904806030,412576925661.2400,3,2.437112,1,0.637773,0
2025-08-13,2012.7047,2051.9460,2010.5812,2051.0445,2009.2758,21017833241,496877096442.4100,3,2.860629,1,2.078794,0
2025-08-14,2051.5012,2058.9951,2022.6377,2029.5251,2051.0445,22543005887,507431039122.5500,3,3.066204,1,-1.049192,0
2025-08-15,2023.6108,2071.7339,2023.6108,2069.4853,2029.5251,22356307704,523599123142.9800,3,3.040824,1,1.968943,0
2025-08-18,2082.7125,2132.0325,2072.5141,2116.5374,2069.4853,29791820283,683139417780.8300,3,4.049073,1,2.273614,0
2025-08-19,2113.3503,2131.4460,2105.7681,2115.4637,2116.5374,25880789921,603921118749.3200,3,3.516821,1,-0.050729,0
2025-08-20,2100.6904,2131.1319,2086.2808,2131.1319,2115.4637,25222889697,551144471935.9900,3,3.427420,1,0.740651,0
2025-08-21,2136.8357,2143.8611,2113.7912,2124.8712,2131.1319,24940615146,548506516117.9000,3,3.388852,1,-0.293773,0
2025-08-22,2119.8275,2171.1240,2119.8275,2170.7453,2124.8712,25274551122,606435078474.5800,3,3.433898,1,2.158912,0
2025-08-25,2194.6699,2231.8374,2186.0936,2223.3019,2170.7453,31380930342,764650920091.8400,3,4.263249,1,2.421132,0
2025-08-26,2215.5212,2248.2911,2208.4519,2229.9114,2223.3019,27979633305,662139338969.1700,3,3.800928,1,0.297283,0
2025-08-27,2233.2045,2274.0012,2203.3525,2203.3525,2229.9114,34781537413,822054881034.8300,3,4.724482,1,-1.191029,0
2025-08-28,2195.8394,2262.1603,2188.5852,2262.1603,2203.3525,31265759089,773015902995.6300,3,4.244828,1,2.669015,0
2025-08-29,2264.4675,2304.1582,2247.9249,2284.5291,2262.1603,28341629532,761968271166.6800,3,3.846781,1,0.988825,0
2025-09-01,2295.0717,2310.9861,2274.3582,2310.5310,2284.5291,26342206038,711984914754.4300,3,3.575374,1,1.138173,0
2025-09-02,2307.3354,2316.3113,2229.6457,2249.3703,2310.5310,28813041349,770037460666.6500,3,3.910379,1,-2.647041,0
2025-09-03,2256.2116,2274.4486,2223.5464,2238.8906,2249.3703,24634737474,644778774307.3700,3,3.343232,1,-0.465895,0
2025-09-04,2250.4096,2263.8239,2138.4079,2167.0225,2238.8906,26064915358,714010848004.7500,3,3.537323,1,-3.209987,0
2025-09-05,2172.2965,2266.4471,2161.4377,2264.7954,2167.0225,24315546301,669442978846.5200,3,3.299912,1,4.511854,0
2025-09-08,2272.0522,2282.1759,2247.0106,2279.3470,2264.7954,25478514283,714702381395.9800,3,3.457964,1,0.642513,0
2025-09-09,2264.2609,2274.7587,2229.8112,2243.6845,2279.3470,22144508813,574813148792.6900,3,3.005470,1,-1.564593,0
2025-09-10,2245.0325,2270.5206,2228.5296,2258.0576,2243.6845,20825368659,566645078460.7800,3,2.826216,1,0.640603,0
2025-09-11,2260.6982,2344.7594,2249.5653,2344.7594,2258.0576,25327261814,706430923180.3000,3,3.437168,1,3.839663,0
2025-09-12,2335.4691,2355.7180,2325.9689,2330.6702,2344.7594,24587418717,680365774941.6200,3,3.336753,1,-0.600880,0
2025-09-15,2338.7147,2365.0629,2334.6654,2345.8255,2330.6702,23412436567,637232640277.6600,3,3.177300,1,0.650255,0
2025-09-16,2347.4017,2364.5507,2321.7969,2363.1428,2345.8255,24867745752,627489943410.1000,3,3.374310,1,0.738218,0
2025-09-17,2363.4023,2394.7137,2350.3665,2391.5339,2363.1428,24091752002,643993757165.0700,3,3.266960,1,1.201413,0
2025-09-18,2380.7197,2420.1594,2337.1640,2368.3164,2391.5339,32116456135,852055619736.7000,3,4.354486,1,-0.970820,0
2025-09-19,2369.3397,2387.3972,2352.9084,2363.4341,2368.3164,23545681196,623081122485.4600,3,3.192301,1,-0.206151,0
2025-09-22,2373.3649,2385.3325,2354.7655,2385.3325,2363.4341,21147685166,555738575647.2700,3,2.866640,1,0.926550,0
2025-09-23,2405.9415,2408.4614,2331.8837,2380.2218,2385.3325,25129976671,701712740257.0500,3,3.406069,1,-0.214255,0
2025-09-24,2362.9348,2427.5124,2356.8687,2427.1576,2380.2218,22986368886,681234494972.0800,3,3.115441,1,1.971909,0
2025-09-25,2421.1368,2460.0747,2412.1499,2443.8165,2427.1576,22898721872,695856520817.8600,3,3.103537,1,0.686354,0
2025-09-26,2432.7371,2443.3501,2388.4988,2389.1737,2443.8165,20401196403,593541465065.5900,3,2.764354,1,-2.235962,0
2025-09-29,2395.7009,2448.0914,2395.7009,2438.3130,2389.1737,20863857027,617006525420.5000,3,2.826975,1,2.056749,0
2025-09-30,2442.9972,2462.8299,2434.6748,2447.0629,2438.3130,20527406651,627117911819.6200,3,2.781379,1,0.358851,0
2025-10-09,2459.4720,2496.9683,2453.7591,2477.2153,2447.0629,25053304383,727805913218.7800,3,3.394976,1,1.232187,0
2025-10-10,2459.6589,2460.6459,2387.3005,2397.0089,2477.2153,22846853590,672884122708.0400,3,3.094620,1,-3.237765,0
2025-10-13,2293.1803,2378.7742,2293.1803,2373.4633,2397.0089,21367756781,602845282996.2300,3,2.892094,1,-0.982291,0
2025-10-14,2398.7723,2404.5127,2292.1069,2301.1265,2373.4633,22311353067,639958686564.8800,3,3.019778,1,-3.047732,0
2025-10-15,2305.7160,2347.5308,2281.5713,2347.3268,2301.1265,18249878321,503453509613.9000,3,2.470020,1,2.007725,0
2025-10-16,2336.1375,2364.8628,2329.0378,2338.7587,2347.3268,16769753717,471795160765.9500,3,2.268375,1,-0.365015,0
2025-10-17,2334.0763,2339.1656,2261.4904,2263.6163,2338.7587,17792658620,472735748831.0600,3,2.406702,1,-3.212918,0
2025-10-20,2303.0289,2321.6393,2278.2161,2292.4495,2263.6163,15185671700,443627447201.5500,3,2.054065,1,1.273767,0
2025-10-21,2305.3521,2350.6387,2297.6679,2345.2765,2292.4495,15689794075,476550724123.1500,3,2.122247,1,2.304391,0
2025-10-22,2329.3340,2346.3405,2317.4983,2328.7450,2345.2765,13862485536,388993287429.2200,3,1.874910,1,-0.704885,0
2025-10-23,2320.2458,2333.6001,2288.5554,2330.5612,2328.7450,14575185078,388132865273.7700,3,1.971156,1,0.077991,0
2025-10-24,2345.3060,2389.9184,2345.3060,2389.9184,2330.5612,16670521225,519760511542.0600,3,2.254145,1,2.546906,0
2025-10-27,2423.2031,2435.3743,2400.8181,2431.0677,2389.9184,19911826423,622211769280.2000,3,2.692267,1,1.721787,0
2025-10-28,2415.7289,2453.2097,2413.6021,2426.1659,2431.0677,17749282085,565994636500.1500,3,2.399796,1,-0.201632,0
2025-10-29,2440.1334,2477.7454,2435.7592,2477.7454,2426.1659,19165471041,617264632698.7300,3,2.591280,1,2.125968,0
2025-10-30,2470.6662,2478.4997,2437.5932,2441.7673,2477.7454,21392892931,667647822609.3000,3,2.892414,1,-1.452050,0
2025-10-31,2440.1529,2460.6988,2413.0246,2413.0246,2441.7673,21685114912,637903544295.3000,3,2.931757,1,-1.177127,0
2025-11-03,2411.1928,2421.3252,2372.9090,2421.3252,2413.0246,19391160365,536841276445.5200,3,2.621750,1,0.343992,0
2025-11-04,2416.5128,2420.6254,2359.8945,2375.6924,2421.3252,16743345322,459170851837.7500,3,2.263756,1,-1.884621,0
2025-11-05,2330.8544,2393.7702,2330.8544,2384.2772,2375.6924,16680237277,441646497862.0300,3,2.255212,1,0.361360,0
2025-11-06,2392.5624,2427.7384,2390.6057,2424.6455,2384.2772,17171440485,490314596735.2000,3,2.321606,1,1.693104,0
2025-11-07,2409.7247,2434.8282,2397.9276,2414.7712,2424.6455,17964263972,496115852584.3700,3,2.427764,1,-0.407247,0
2025-11-10,2423.9818,2434.2321,2390.2418,2411.2137,2414.7712,19144620065,546539867472.1800,3,2.587217,1,-0.147322,0
2025-11-11,2420.8436,2425.1428,2380.1048,2383.3624,2411.2137,17355876930,480883900230.3600,3,2.345461,1,-1.155074,0
2025-11-12,2372.6903,2384.5902,2344.6104,2371.2696,2383.3624,17248121763,451201410566.2300,3,2.330753,1,-0.507384,0
2025-11-13,2368.4538,2417.8631,2365.9082,2414.7663,2371.2696,17889853157,498849834986.2200,3,2.417471,1,1.834321,0
2025-11-14,2384.8542,2398.9023,2364.3543,2364.3543,2414.7663,16861456694,449886545236.6200,3,2.278501,1,-2.087655,0
2025-11-17,2363.3670,2376.1986,2353.5305,2366.4735,2364.3543,16801375034,453009853315.9800,3,2.269896,1,0.089631,0
2025-11-18,2357.8390,2370.6780,2335.4339,2346.2841,2366.4735,18598677892,470953743501.5200,3,2.512571,1,-0.853143,0
2025-11-19,2343.5322,2359.8329,2328.4554,2341.4939,2346.2841,15592729789,401290163290.3100,3,2.106479,1,-0.204161,0
2025-11-20,2368.6037,2371.7288,2318.1193,2319.8634,2341.4939,15097575392,416651301035.9300,3,2.039298,1,-0.923791,0
2025-11-21,2275.7178,2287.5892,2233.7255,2233.7255,2319.8634,19151047769,474222176858.6100,3,2.584405,1,-3.713059,0
2025-11-24,2247.8260,2261.6077,2218.4208,2247.8860,2233.7255,17257203799,430144634757.9700,3,2.328833,1,0.633941,0
2025-11-25,2268.7310,2311.5563,2268.3533,2287.7636,2247.8860,18301167589,471848920977.7500,3,2.469719,1,1.774005,0
2025-11-26,2284.3624,2335.7003,2279.3088,2312.9419,2287.7636,16061379956,467853006479.0600,3,2.167463,1,1.100564,0
2025-11-27,2310.8373,2350.7472,2303.7744,2305.8794,2312.9419,14509182860,430437009193.8100,3,1.957125,1,-0.305347,0
2025-11-28,2304.9942,2332.0930,2299.2513,2327.5195,2305.8794,13611524998,388060778478.0800,3,1.835917,1,0.938475,0
2025-12-01,2336.3426,2356.3815,2325.6382,2355.9163,2327.5195,16575680923,462832116148.2800,3,2.235700,1,1.220046,0
2025-12-02,2351.3289,2351.7438,2326.7879,2334.5670,2355.9163,13917361752,383485510350.2800,3,1.877209,1,-0.906199,0
2025-12-03,2337.3317,2347.7574,2304.1039,2310.7773,2334.5670,13951466531,385041731678.0800,3,1.881809,1,-1.019020,0
2025-12-04,2309.8127,2327.8275,2293.7007,2321.4543,2310.7773,12525469154,352122835153.6000,3,1.689467,1,0.462052,0
2025-12-05,2324.3590,2349.7203,2305.0463,2346.0356,2321.4543,13731111006,398232268316.7200,3,1.852067,1,1.058875,0
2025-12-08,2351.5285,2400.3098,2351.5285,2388.1646,2346.0356,16158553621,509595593071.1200,3,2.178869,1,1.795753,0
2025-12-09,2381.7370,2407.8589,2377.5788,2387.8401,2388.1646,14475348288,455688701898.6800,3,1.951895,1,-0.013588,0
2025-12-10,2383.0051,2399.3309,2356.1741,2393.8066,2387.8401,13366685110,417194764166.6300,3,1.802400,1,0.249870,0
2025-12-11,2396.4079,2407.6095,2361.3013,2361.3013,2393.8066,15482741382,449067733197.7400,3,2.087755,1,-1.357892,0
2025-12-12,2364.8543,2387.8169,2345.8044,2382.9858,2361.3013,17624259708,527175340297.3600,3,2.376512,1,0.918328,0
2025-12-15,2360.8538,2376.1141,2349.1222,2349.5775,2382.9858,14412487765,434164363625.9000,3,1.963397,1,-1.401951,0
2025-12-16,2343.6471,2348.6018,2296.1121,2308.9853,2349.5775,14303329293,403231998461.8700,3,1.948526,1,-1.727638,0
2025-12-17,2311.8044,2375.4873,2311.8044,2371.0803,2308.9853,15085728969,458824235268.2600,3,2.055110,1,2.689277,0
2025-12-18,2349.1754,2369.5831,2338.8410,2338.8410,2371.0803,13389845355,404856462552.9600,3,1.824082,1,-1.359688,0
2025-12-19,2352.4958,2369.9675,2343.3238,2352.6724,2338.8410,14615555615,393064025296.4400,3,1.991059,1,0.591378,0
2025-12-22,2370.1549,2398.9190,2370.1549,2395.1048,2352.6724,14999971525,467131327873.9000,3,2.043427,1,1.803583,0
2025-12-23,2396.4825,2417.5010,2389.1547,2402.9869,2395.1048,15178365628,465957140051.7200,3,2.067719,1,0.329092,0
2025-12-24,2404.5193,2431.1570,2398.9079,2428.9224,2402.9869,15472897431,477642852266.8200,3,2.107843,1,1.079303,0
2025-12-25,2428.3789,2448.0503,2415.2523,2442.2457,2428.9224,15895034519,483428470228.6500,3,2.165286,1,0.548527,0
2025-12-26,2442.2992,2465.5316,2434.4185,2450.1683,2442.2457,17878468793,541197414069.2500,3,2.435475,1,0.324398,0
2025-12-29,2448.4470,2460.7944,2431.8440,2440.6914,2450.1683,17709430234,530467877684.1300,3,2.412446,1,-0.386786,0
2025-12-30,2428.4855,2461.4156,2428.4076,2454.2755,2440.6914,18487202245,549439401883.1300,3,2.517792,1,0.556568,0
2025-12-31,2458.3023,2460.9437,2431.4272,2436.6307,2454.2755,18525635495,519033571053.5700,3,2.522974,1,-0.718941,0
2026-01-05,2456.0358,2497.2527,2456.0358,2497.2527,2436.6307,24654857912,692393409356.8900,3,3.354922,1,2.487944,0
2026-01-06,2495.0254,2529.3889,2492.7662,2528.7444,2497.2527,27168414977,764965805715.6000,3,3.697354,1,1.261054,0
2026-01-07,2537.0696,2550.8059,2515.5186,2535.6796,2528.7444,25991779338,767379987128.2900,3,3.537216,1,0.274255,0
2026-01-08,2525.7700,2541.1282,2512.5874,2527.4981,2535.6796,26925306845,728667169585.6400,3,3.664254,1,-0.322655,0
2026-01-09,2517.6434,2562.3134,2517.1765,2560.7755,2527.4981,29217588508,823729103170.6300,3,3.975427,1,1.316614,0
2026-01-12,2573.9111,2624.1821,2556.1746,2619.1118,2560.7755,33500282720,991289472142.9500,3,4.557966,1,2.278072,0
2026-01-13,2627.3532,2636.9503,2568.0516,2578.7349,2619.1118,35304881852,998899311631.2900,3,4.803306,1,-1.541626,0
2026-01-14,2582.7014,2640.3924,2566.3289,2597.2440,2578.7349,39068482025,1083272283976.3900,3,5.315293,1,0.717759,0
2026-01-15,2577.5204,2610.2006,2573.6667,2607.8367,2597.2440,29464925579,816516057602.1600,3,4.008711,1,0.407844,0
2026-01-16,2620.6678,2629.9551,2595.8367,2603.5037,2607.8367,25446527495,799803766227.2000,3,3.462007,1,-0.166153,0
2026-01-19,2590.5018,2622.5478,2590.5018,2599.9633,2603.5037,23362554222,692138555646.5600,3,3.176949,1,-0.135986,0
2026-01-20,2602.0757,2607.6355,2542.0912,2559.2964,2599.9633,24261495652,692525278113.2700,3,3.299189,1,-1.564134,0
2026-01-21,2546.1171,2593.8036,2546.1171,2578.8135,2559.2964,21949848199,638881993467.9200,3,2.984891,1,0.762596,0
2026-01-22,2589.7053,2602.1692,2574.2161,2595.2277,2578.8135,22580610803,674044695249.8300,3,3.070600,1,0.636502,0
2026-01-23,2598.8152,2620.8225,2594.5574,2620.4689,2595.2277,29796352542,807259405372.3800,3,4.051638,1,0.972601,0
